-0.494643   0.485026   -0.499655
-0.339657   -0.342772   -0.487384
0.487387   -0.324904   -0.347225
-0.334887   0.489298   -0.319325
-0.15938   -0.492678   -0.49025
-0.00252911   -0.345649   -0.476298
-0.171059   -0.335124   -0.326923
0.00879346   0.481849   -0.34095
0.178434   0.494643   0.492163
0.300999   -0.317137   -0.494038
0.157551   -0.329879   -0.338203
0.339252   -0.483299   -0.342512
0.478398   -0.16294   -0.49016
-0.312185   -0.00400333   0.496681
-0.476368   0.00970957   -0.335842
-0.332025   -0.170994   -0.32502
-0.163938   -0.191074   -0.494197
0.0126683   -0.00859907   -0.487676
-0.17232   0.00907312   -0.331636
0.0234909   -0.151848   -0.310941
0.15014   -0.168501   0.498484
0.313426   0.0121463   0.490512
0.177601   0.00974303   -0.323859
0.323395   -0.16602   -0.32721
-0.477202   0.193689   -0.48742
-0.319351   0.333489   0.475696
-0.488163   0.342664   -0.325399
-0.320707   0.177592   -0.337835
-0.148708   0.175461   0.483563
0.00367272   0.355783   0.480783
-0.148948   0.338011   -0.344213
-2.49233e-05   0.16489   -0.335885
0.187187   0.17567   -0.498554
0.346117   0.329844   0.498152
0.177579   0.341903   -0.357399
0.361364   0.167174   -0.325689
0.496016   -0.484932   -0.170951
-0.317525   -0.331132   -0.155475
-0.499481   -0.331672   -0.00221135
-0.340453   0.499555   -0.00572803
-0.17045   0.487684   -0.173916
-0.00306052   -0.337354   -0.178455
-0.155499   -0.342721   -0.0176295
0.00424473   -0.498719   -0.00996557
0.15522   0.487395   -0.161149
0.319846   -0.332293   -0.184886
0.143675   -0.336707   -0.00885372
0.337484   -0.476169   0.0133478
-0.475162   -0.173367   -0.162029
-0.320709   0.00409254   -0.168461
0.489704   -0.0128071   8.82486e-05
-0.318589   -0.17997   0.0159484
-0.165032   -0.162454   -0.169071
0.00488586   -0.00272004   -0.166239
-0.167585   -0.0164879   -0.00623341
-0.0145104   -0.159956   0.015985
0.174167   -0.154006   -0.16337
0.330319   0.0180072   -0.165117
0.16383   0.00367492   0.00077351
0.32375   -0.160582   0.000551702
-0.490428   0.166932   -0.171794
-0.325044   0.335333   -0.152306
0.497075   0.344122   -0.00603999
-0.355892   0.143953   -0.000825618
-0.161682   0.17889   -0.181387
0.0159269   0.323268   -0.163882
-0.15621   0.313509   0.00291773
0.0093891   0.158925   -0.00872019
0.171274   0.161528   -0.184466
0.34114   0.321697   -0.171128
0.166088   0.33575   0.0113878
0.322764   0.175409   -0.00252342
0.489487   0.484522   0.163786
-0.364211   -0.340292   0.163645
0.485196   -0.332674   0.355034
-0.334674   0.49322   0.332477
-0.152363   0.488277   0.141709
0.00452341   -0.333979   0.172549
-0.187105   -0.347922   0.309822
-0.0115399   -0.479873   0.334505
0.163644   -0.495278   0.178021
0.333718   -0.335532   0.18721
0.145347   -0.33848   0.329524
0.326381   0.497055   0.338904
0.494695   -0.165951   0.174539
-0.338367   -0.00322639   0.177553
-0.487998   0.00587369   0.365812
-0.341819   -0.17846   0.360822
-0.174686   -0.1655   0.189527
-0.0254679   0.000166297   0.148492
-0.154917   0.00850845   0.347102
-0.00971678   -0.154493   0.329951
0.159905   -0.178122   0.174159
0.334233   0.000604215   0.16429
0.155567   0.0176301   0.326139
0.325977   -0.165669   0.333171
-0.491503   0.152018   0.176136
-0.335224   0.313008   0.143219
-0.48434   0.332132   0.336882
-0.323094   0.16067   0.341067
-0.176983   0.155367   0.163293
0.0011831   0.330854   0.166541
-0.155069   0.332754   0.328662
-0.00200812   0.168277   0.311397
0.157865   0.166486   0.162211
0.339532   0.322176   0.171643
0.161996   0.340063   0.343102
0.338438   0.172428   0.315122
