-0.494631   0.484856   -0.499717
-0.339606   -0.342801   -0.487236
0.487475   -0.324832   -0.347446
-0.334901   0.489456   -0.319384
-0.159495   -0.492727   -0.490335
-0.00245368   -0.345723   -0.476462
-0.171072   -0.33515   -0.327038
0.00861734   0.481779   -0.340797
0.178288   0.494655   0.492401
0.301098   -0.31712   -0.494121
0.157513   -0.329944   -0.33822
0.339199   -0.483335   -0.342524
0.478187   -0.163108   -0.490239
-0.312091   -0.00414321   0.496615
-0.476514   0.00977134   -0.335781
-0.332118   -0.171058   -0.324899
-0.163819   -0.190945   -0.494279
0.0126114   -0.00854552   -0.487809
-0.172249   0.00911546   -0.331524
0.0233853   -0.151935   -0.310823
0.150151   -0.168487   0.498457
0.31337   0.0122234   0.490585
0.177811   0.00963186   -0.323837
0.323393   -0.166147   -0.32718
-0.477132   0.193591   -0.487304
-0.319278   0.333411   0.475454
-0.488459   0.342612   -0.32532
-0.320477   0.177638   -0.33773
-0.14887   0.175436   0.483549
0.00366216   0.3557   0.480792
-0.148886   0.337968   -0.344386
-1.58908e-05   0.164826   -0.33596
0.187143   0.175789   -0.498434
0.346159   0.329754   0.49816
0.177701   0.341848   -0.357348
0.361286   0.167209   -0.325577
0.496011   -0.484858   -0.170871
-0.317403   -0.331026   -0.15535
-0.499402   -0.331601   -0.00229772
-0.340449   0.49948   -0.00575037
-0.170449   0.487892   -0.173968
-0.00306259   -0.337207   -0.178389
-0.155539   -0.342624   -0.0178428
0.00417197   -0.498758   -0.00995296
0.155298   0.487389   -0.161163
0.319809   -0.33219   -0.184939
0.143538   -0.336865   -0.00859936
0.337512   -0.47612   0.0132863
-0.475212   -0.173491   -0.162101
-0.320706   0.00416129   -0.168442
0.489649   -0.0127216   6.97289e-05
-0.318668   -0.179769   0.0160425
-0.165128   -0.162556   -0.168822
0.00493948   -0.00265054   -0.166238
-0.167587   -0.0166109   -0.00618044
-0.01451   -0.160109   0.0161572
0.174256   -0.153967   -0.163361
0.330379   0.018032   -0.165275
0.16385   0.00367086   0.000706333
0.323932   -0.160572   0.000516319
-0.490526   0.166898   -0.172002
-0.325067   0.335332   -0.152477
0.497171   0.344017   -0.00600312
-0.355926   0.144157   -0.000698308
-0.161785   0.17885   -0.18141
0.0159545   0.323255   -0.163908
-0.156229   0.313528   0.00294313
0.00952237   0.158927   -0.00876515
0.171257   0.161462   -0.184602
0.340959   0.321701   -0.171188
0.16618   0.335791   0.0114395
0.322819   0.175461   -0.00259016
0.489419   0.484623   0.163728
-0.364116   -0.340301   0.163583
0.485171   -0.332615   0.354911
-0.334877   0.493309   0.332652
-0.152471   0.488185   0.141653
0.00459413   -0.334119   0.172641
-0.186981   -0.348077   0.309849
-0.0115941   -0.479673   0.334576
0.163663   -0.495292   0.178139
0.333695   -0.335602   0.187146
0.145515   -0.338413   0.329395
0.326386   0.497046   0.339068
0.494584   -0.16598   0.174534
-0.338349   -0.00309345   0.177469
-0.488067   0.00597084   0.365895
-0.341707   -0.178361   0.360876
-0.174655   -0.165629   0.189726
-0.0256127   4.87795e-05   0.148625
-0.154972   0.00849697   0.347109
-0.00973477   -0.154388   0.329938
0.159945   -0.177971   0.174113
0.33423   0.000728905   0.164228
0.155621   0.0175858   0.326116
0.326055   -0.165577   0.333116
-0.491628   0.151995   0.176194
-0.335218   0.312937   0.143266
-0.484334   0.332223   0.336869
-0.323107   0.160705   0.341042
-0.17678   0.155437   0.163154
0.0012723   0.330901   0.166605
-0.155013   0.332859   0.328559
-0.00190835   0.16825   0.311362
0.157949   0.166518   0.16225
0.339473   0.322122   0.171653
0.161976   0.339926   0.343118
0.338467   0.172202   0.315091
