-6.62215
-6.62279
-6.6238
-6.62483
-6.62589
-6.62698
-6.62777
-6.62827
-6.62912
-6.63161
-6.63283
-6.63441
-6.636
-6.63696
-6.63827
-6.63959
-6.64093
-6.64196
-6.64301
-6.64438
-6.64512
-6.64749
-6.64921
-6.65094
-6.65234
-6.65375
-6.65549
-6.65722
-6.65862
-6.66002
-6.66108
-6.66214
-6.66384
-6.66487
-6.66557
-6.66691
-6.6679
-6.66888
-6.6708
-6.67271
-6.67362
-6.67451
-6.67635
-6.67718
-6.67864
-6.68006
-6.68113
-6.68152
-6.68155
-6.6822
-6.68345
-6.68466
-6.68648
-6.68664
-6.68707
-6.68811
-6.68844
-6.68905
-6.68993
-6.69076
-6.6912
-6.69159
-6.69191
-6.69217
-6.69205
-6.69251
-6.69225
-6.69225
-6.69217
-6.69235
-6.69213
-6.69119
-6.69114
-6.68972
-6.68855
-6.68794
-6.68693
-6.68551
-6.68465
-6.68339
-6.68237
-6.68061
-6.67909
-6.67813
-6.67612
-6.67434
-6.67345
-6.6728
-6.67109
-6.6693
-6.66743
-6.6658
-6.66376
-6.6623
-6.66011
-6.65752
-6.65518
-6.6518
-6.64867
-6.64645
-6.64384
-6.64084
-6.6378
-6.63534
-6.63316
-6.63028
-6.62736
-6.62407
-6.62139
-6.61836
-6.61529
-6.61155
-6.60876
-6.60563
-6.60184
-6.59901
-6.5965
-6.59366
-6.59084
-6.58834
-6.58554
-6.58242
-6.57998
-6.57724
-6.57389
-6.57122
-6.56826
-6.56567
-6.56248
-6.56063
-6.55852
-6.55614
-6.5535
-6.55092
-6.54809
-6.54533
-6.542
-6.53971
-6.5375
-6.53472
-6.53267
-6.53038
-6.52818
-6.52638
-6.525
-6.52371
-6.52185
-6.52105
-6.51937
-6.51843
-6.51725
-6.51583
-6.51515
-6.51454
-6.51402
-6.51358
-6.51323
-6.51295
-6.51274
-6.51164
-6.51159
-6.51161
-6.51169
-6.51152
-6.51141
-6.51136
-6.51138
-6.51113
-6.51191
-6.51242
-6.51266
-6.51295
-6.5133
-6.51402
-6.51414
-6.5143
-6.5142
-6.51446
-6.51573
-6.51641
-6.51712
-6.51789
-6.51934
-6.51986
-6.52172
-6.5233
-6.52363
-6.52432
-6.52603
-6.52713
-6.52828
-6.52946
-6.53069
-6.531
-6.53264
-6.53368
-6.53541
-6.53717
-6.53834
-6.53954
-6.54175
-6.54304
-6.54501
-6.54637
-6.54809
-6.54986
-6.55165
-6.55316
-6.5547
-6.5566
-6.55853
-6.56113
-6.56279
-6.56448
-6.56683
-6.56888
-6.57063
-6.57239
-6.57481
-6.57725
-6.57872
-6.58085
-6.58297
-6.58543
-6.58788
-6.59001
-6.59246
-6.59489
-6.59635
-6.59844
-6.6002
-6.60225
-6.60429
-6.60566
-6.60798
-6.60995
-6.61124
-6.61283
-6.61504
-6.61721
-6.6187
-6.62081
-6.62222
-6.6236
-6.62494
-6.62657
-6.62782
-6.62904
-6.63087
-6.63265
-6.63374
-6.6348
-6.6371
-6.63807
-6.63932
-6.64086
-6.64235
-6.6438
-6.64489
-6.64594
-6.64696
-6.64826
-6.64953
-6.6498
-6.651
-6.65185
-6.65267
-6.65346
-6.65422
-6.65495
-6.65534
-6.65603
-6.65734
-6.65864
-6.65927
-6.66021
-6.66048
-6.66074
-6.66164
-6.66156
-6.66244
-6.66235
-6.66289
-6.66376
-6.6643
-6.66516
-6.66505
-6.66559
-6.66613
-6.66635
-6.66658
-6.66713
-6.66834
-6.66827
-6.66885
-6.66879
-6.66906
-6.66967
-6.67062
-6.67125
-6.67156
-6.67222
-6.67256
-6.67258
-6.67327
-6.6743
-6.67534
-6.67542
-6.67519
-6.67692
-6.67736
-6.67847
-6.67893
-6.67973
-6.68086
-6.68135
-6.6825
-6.683
-6.68383
-6.68435
-6.68551
-6.68603
-6.68753
-6.68837
-6.68921
-6.6907
-6.69121
-6.69237
-6.69416
-6.69465
-6.69481
-6.69625
-6.69735
-6.69876
-6.69984
-6.70089
-6.70128
-6.701
-6.70135
-6.702
-6.70229
-6.70191
-6.7028
-6.70334
-6.70416
-6.70462
-6.70505
-6.70577
-6.70645
-6.70644
-6.70735
-6.70726
-6.70744
-6.70725
-6.70702
-6.70738
-6.70802
-6.70764
-6.70786
-6.70737
-6.70716
-6.7069
-6.70658
-6.70686
-6.70676
-6.70629
-6.70576
-6.70582
-6.70551
-6.7045
-6.70344
-6.70297
-6.70149
-6.70028
-6.69902
-6.69674
-6.69571
-6.69399
-6.69321
-6.69238
-6.69086
-6.6893
-6.68836
-6.68706
-6.68606
-6.6847
-6.68299
-6.68158
-6.68144
-6.68031
-6.67981
-6.67864
-6.6765
-6.67466
-6.67282
-6.67195
-6.67074
-6.67018
-6.66865
-6.66745
-6.66625
-6.66473
-6.66322
-6.66108
-6.65992
-6.65878
-6.65668
-6.65557
-6.65286
-6.65244
-6.65075
-6.65006
-6.64939
-6.64875
-6.64781
-6.64657
-6.64504
-6.64386
-6.64271
-6.64159
-6.64051
-6.63978
-6.63811
-6.63713
-6.63617
-6.63623
-6.63502
-6.63288
-6.63175
-6.63131
-6.6309
-6.62988
-6.62955
-6.62828
-6.62737
-6.62683
-6.62632
-6.62553
-6.62574
-6.62568
-6.62533
-6.62437
-6.6241
-6.62354
-6.62368
-6.62353
-6.62375
-6.62336
-6.62399
-6.62368
-6.62375
-6.62385
-6.62368
-6.62355
-6.62411
-6.62439
-6.62537
-6.62606
-6.6268
-6.62726
-6.62712
-6.62799
-6.62858
-6.62857
-6.62893
-6.62965
-6.63042
-6.6309
-6.63174
-6.63327
-6.63451
-6.63514
-6.63645
-6.63715
-6.63756
-6.63864
-6.64007
-6.6412
-6.64268
-6.64386
-6.64505
-6.64594
-6.64749
-6.64905
-6.64997
-6.65121
-6.65279
-6.65404
-6.65529
-6.65654
-6.65746
-6.65902
-6.66057
-6.66178
-6.66233
-6.66319
-6.66338
-6.66453
-6.66597
-6.66772
-6.66816
-6.66921
-6.67056
-6.67157
-6.67352
-6.67479
-6.67604
-6.67628
-6.67715
-6.6783
-6.67911
-6.68086
-6.68096
-6.68169
-6.68272
-6.68372
-6.68404
-6.68499
-6.68527
-6.68521
-6.68609
-6.68663
-6.68715
-6.687
-6.68781
-6.68763
-6.68776
-6.6882
-6.68896
-6.6897
-6.6901
-6.69082
-6.69154
-6.69321
-6.69326
-6.69428
-6.69433
-6.69404
-6.69505
-6.69573
-6.69609
-6.69644
-6.69646
-6.69681
-6.6965
-6.69651
-6.69749
-6.69749
-6.6978
-6.69779
-6.69808
-6.69805
-6.69865
-6.69891
-6.69949
-6.69907
-6.69961
-6.69981
-6.69967
-6.6995
-6.70028
-6.70137
-6.70113
-6.70054
-6.69992
-6.70024
-6.70021
-6.70046
-6.69971
-6.69924
-6.69841
-6.69818
-6.69889
-6.6989
-6.69823
-6.69848
-6.6977
-6.69721
-6.69698
-6.69703
-6.69606
-6.69568
-6.6946
-6.69314
-6.69164
-6.6904
-6.6891
-6.68873
-6.68732
-6.68619
-6.68468
-6.68376
-6.68214
-6.6808
-6.68004
-6.67892
-6.67741
-6.67553
-6.67457
-6.6726
-6.67089
-6.66882
-6.66734
-6.66452
-6.66296
-6.6607
-6.65872
-6.65735
-6.65529
-6.65255
-6.65041
-6.64824
-6.64603
-6.64283
-6.64056
-6.63891
-6.63626
-6.63423
-6.63153
-6.62913
-6.62671
-6.62395
-6.62149
-6.61903
-6.61687
-6.61438
-6.61188
-6.60873
-6.60623
-6.60405
-6.60221
-6.60037
-6.59757
-6.59511
-6.59299
-6.59025
-6.58787
-6.58681
-6.58417
-6.58124
-6.57901
-6.57683
-6.57471
-6.57232
-6.5713
-6.56969
-6.56687
-6.56542
-6.56374
-6.56149
-6.56031
-6.5589
-6.55791
-6.55736
-6.55659
-6.55626
-6.5554
-6.55433
-6.55436
-6.55418
-6.55284
-6.55324
-6.55345
-6.55346
-6.55327
-6.55385
-6.55455
-6.55506
-6.55536
-6.5561
-6.55566
-6.55631
-6.55738
-6.55855
-6.5595
-6.56086
-6.56231
-6.56417
-6.56546
-6.56715
-6.5689
-6.57103
-6.5729
-6.57547
-6.57775
-6.58008
-6.58211
-6.5845
-6.58723
-6.58869
-6.59048
-6.59228
-6.59474
-6.59654
-6.59834
-6.60045
-6.60255
-6.60496
-6.6067
-6.60778
-6.6098
-6.61179
-6.61343
-6.61503
-6.61725
-6.61877
-6.61993
-6.62203
-6.62342
-6.62478
-6.62673
-6.62831
-6.63048
-6.63195
-6.63305
-6.63474
-6.63605
-6.63762
-6.63849
-6.6406
-6.64167
-6.64237
-6.643
-6.64356
-6.64569
-6.64645
-6.64683
-6.64811
-6.649
-6.64853
-6.64864
-6.649
-6.6493
-6.64887
-6.64935
-6.64944
-6.64978
-6.65005
-6.64927
-6.64875
-6.64881
-6.64815
-6.64773
-6.64757
-6.64669
-6.64574
-6.64536
-6.64492
-6.64407
-6.64316
-6.6425
-6.64112
-6.64
-6.63914
-6.6382
-6.63752
-6.63581
-6.63403
-6.63252
-6.63094
-6.62962
-6.62792
-6.62617
-6.62371
-6.62184
-6.62057
-6.61796
-6.61595
-6.61357
-6.61082
-6.60836
-6.60586
-6.603
-6.60141
-6.59979
-6.59846
-6.59582
-6.59381
-6.59113
-6.58876
-6.58638
-6.584
-6.58258
-6.57986
-6.57812
-6.57574
-6.57304
-6.5697
-6.56736
-6.5647
-6.5624
-6.56012
-6.55819
-6.55597
-6.55378
-6.55131
-6.5492
-6.54713
-6.54511
-6.54315
-6.54123
-6.53937
-6.53725
-6.53583
-6.53415
-6.53286
-6.53066
-6.52885
-6.52744
-6.5261
-6.52484
-6.52332
-6.52221
-6.52117
-6.51988
-6.51835
-6.51755
-6.51683
-6.51619
-6.51563
-6.51547
-6.51475
-6.51444
-6.51421
-6.51374
-6.51303
-6.51435
-6.51478
-6.51496
-6.51491
-6.51493
-6.51536
-6.51587
-6.51613
-6.51647
-6.51754
-6.51836
-6.51894
-6.5199
-6.52062
-6.52174
-6.52292
-6.52612
-6.52744
-6.52948
-6.53158
-6.5331
-6.53467
-6.5363
-6.53832
-6.53974
-6.54088
-6.54241
-6.54495
-6.54592
-6.54791
-6.55059
-6.55299
-6.55542
-6.55725
-6.5591
-6.56165
-6.56422
-6.56714
-6.56912
-6.57145
-6.57412
-6.57649
-6.57888
-6.58065
-6.58307
-6.58616
-6.58797
-6.58979
-6.59195
-6.59444
-6.59726
-6.60008
-6.60259
-6.60511
-6.60698
-6.61015
-6.61267
-6.61552
-6.61837
-6.62122
-6.62374
-6.62627
-6.62846
-6.63163
-6.63383
-6.63569
-6.63821
-6.63975
-6.64194
-6.64412
-6.64695
-6.64978
-6.65292
-6.65574
-6.65921
-6.6617
-6.66451
-6.66699
-6.66947
-6.67291
-6.67538
-6.67783
-6.67931
-6.68143
-6.68387
-6.68662
-6.68871
-6.69079
-6.69351
-6.69557
-6.69793
-6.70027
-6.70293
-6.70491
-6.70688
-6.70883
-6.71107
-6.71296
-6.71483
-6.71731
-6.71879
-6.7212
-6.72293
-6.72527
-6.72757
-6.72918
-6.73042
-6.73227
-6.73438
-6.7358
-6.73781
-6.73976
-6.74198
-6.74349
-6.74494
-6.74632
-6.74635
-6.74728
-6.7488
-6.74992
-6.75129
-6.7513
-6.75253
-6.75304
-6.75348
-6.75481
-6.75575
-6.75629
-6.75643
-6.75682
-6.75713
-6.75705
-6.75689
-6.75731
-6.75765
-6.75727
-6.75747
-6.75728
-6.75606
-6.75606
-6.75503
-6.75394
-6.75376
-6.75385
-6.75355
-6.75255
-6.7515
-6.75073
-6.75023
-6.74968
-6.74877
-6.74782
-6.74715
-6.74612
-6.74538
-6.74364
-6.74251
-6.74168
-6.74018
-6.7393
-6.73807
-6.7378
-6.73622
-6.73462
-6.73333
-6.73203
-6.73038
-6.7297
-6.72837
-6.72734
-6.72566
-6.72398
-6.72325
-6.72188
-6.72018
-6.71847
-6.71708
-6.71569
-6.71461
-6.71354
-6.71182
-6.71106
-6.70901
-6.7076
-6.70555
-6.70415
-6.70243
-6.70006
-6.69866
-6.69694
-6.69588
-6.69481
-6.69311
-6.69238
-6.69166
-6.69095
-6.68992
-6.68858
-6.68692
-6.68625
-6.68429
-6.68268
-6.6814
-6.68079
-6.67956
-6.67802
-6.67715
-6.67631
-6.67517
-6.67373
-6.67264
-6.67191
-6.67185
-6.67119
-6.67056
-6.66932
-6.66941
-6.66889
-6.66777
-6.6667
-6.66534
-6.66435
-6.66341
-6.66284
-6.66232
-6.66185
-6.66207
-6.66138
-6.6617
-6.66176
-6.66186
-6.66137
-6.66126
-6.66054
-6.66053
-6.66024
-6.66032
-6.65981
-6.65967
-6.66055
-6.66115
-6.6618
-6.66216
-6.66257
-6.66303
-6.6632
-6.66308
-6.66365
-6.66426
-6.66458
-6.66493
-6.66564
-6.6667
-6.66779
-6.66858
-6.6694
-6.66991
-6.67077
-6.67165
-6.67222
-6.6728
-6.67437
-6.67465
-6.67656
-6.67816
-6.67879
-6.67975
-6.68072
-6.68103
-6.68199
-6.68262
-6.68389
-6.68548
-6.68576
-6.68733
-6.68792
-6.6885
-6.68906
-6.69058
-6.69111
-6.69195
-6.69277
-6.69357
-6.69402
-6.69478
-6.69584
-6.69687
-6.69756
-6.69823
-6.69919
-6.69981
-6.70072
-6.70129
-6.70248
-6.70397
-6.70446
-6.70493
-6.70536
-6.7061
-6.70616
-6.7062
-6.70686
-6.70652
-6.70712
-6.70673
-6.70762
-6.7075
-6.70833
-6.70848
-6.70894
-6.70904
-6.70912
-6.70918
-6.70921
-6.70953
-6.70951
-6.70914
-6.70939
-6.70897
-6.7095
-6.70967
-6.70885
-6.70898
-6.70907
-6.70914
-6.70821
-6.70757
-6.7069
-6.70749
-6.70709
-6.70697
-6.70553
-6.70568
-6.70515
-6.70458
-6.7043
-6.70366
-6.70298
-6.70259
-6.70184
-6.70105
-6.69989
-6.69838
-6.69714
-6.69652
-6.69552
-6.69514
-6.69374
-6.69294
-6.69113
-6.68961
-6.68901
-6.68675
-6.68445
-6.68275
-6.68102
-6.67956
-6.67774
-6.67555
-6.67397
-6.67202
-6.67004
-6.66866
-6.66724
-6.66547
-6.66398
-6.66213
-6.6609
-6.65899
-6.65737
-6.65539
-6.65339
-6.65169
-6.64964
-6.64756
-6.64611
-6.64432
-6.64186
-6.63971
-6.63722
-6.63505
-6.63318
-6.63099
-6.62879
-6.62691
-6.62536
-6.62315
-6.61998
-6.61682
-6.61495
-6.61278
-6.61094
-6.60781
-6.60535
-6.60387
-6.60209
-6.59936
-6.59697
-6.59396
-6.59227
-6.5906
-6.58831
-6.58605
-6.58414
-6.58258
-6.58008
-6.57826
-6.5768
-6.57666
-6.57494
-6.57294
-6.57096
-6.56967
-6.56809
-6.56622
-6.56536
-6.56388
-6.56244
-6.56104
-6.55999
-6.55832
-6.55767
-6.5564
-6.55516
-6.55395
-6.55246
-6.55099
-6.54956
-6.54848
-6.54775
-6.54673
-6.54574
-6.54446
-6.54255
-6.54164
-6.54044
-6.53959
-6.53843
-6.53763
-6.53653
-6.53577
-6.53536
-6.53497
-6.53363
-6.53297
-6.53329
-6.53202
-6.53142
-6.53051
-6.52995
-6.52908
-6.52888
-6.5287
-6.52822
-6.52808
-6.52731
-6.52753
-6.52778
-6.52772
-6.52735
-6.52668
-6.52701
-6.52768
-6.52675
-6.52584
-6.52593
-6.52539
-6.52456
-6.52439
-6.52457
-6.52477
-6.52403
-6.52429
-6.52425
-6.52456
-6.52489
-6.52493
-6.525
-6.5238
-6.5249
-6.52507
-6.52559
-6.52614
-6.52608
-6.52638
-6.52705
-6.52775
-6.52849
-6.52829
-6.52944
-6.52966
-6.53026
-6.53058
-6.53094
-6.53072
-6.5312
-6.53238
-6.5333
-6.53428
-6.53533
-6.5358
-6.53699
-6.53793
-6.53863
-6.54103
-6.54254
-6.54478
-6.54679
-6.54857
-6.55076
-6.55273
-6.55512
-6.55664
-6.55858
-6.56095
-6.56374
-6.56664
-6.56996
-6.57242
-6.5753
-6.5786
-6.58168
-6.58583
-6.58942
-6.59277
-6.59621
-6.60005
-6.60332
-6.60666
-6.61072
-6.61418
-6.61835
-6.62192
-6.62618
-6.6308
-6.63479
-6.63784
-6.64187
-6.64591
-6.64963
-6.65463
-6.65865
-6.66233
-6.66631
-6.66992
-6.67351
-6.67737
-6.68086
-6.68495
-6.68865
-6.69164
-6.69457
-6.69807
-6.70086
-6.70389
-6.70651
-6.71003
-6.71378
-6.7168
-6.72005
-6.72257
-6.72564
-6.72861
-6.73149
-6.73395
-6.73599
-6.73794
-6.74011
-6.74219
-6.74352
-6.74541
-6.74655
-6.74793
-6.74986
-6.7517
-6.75279
-6.75445
-6.75601
-6.75717
-6.75823
-6.75921
-6.7601
-6.76026
-6.76099
-6.76164
-6.76253
-6.76335
-6.76344
-6.7641
-6.76468
-6.76487
-6.76531
-6.76535
-6.76597
-6.76556
-6.76604
-6.76581
-6.76519
-6.76483
-6.7644
-6.76294
-6.76271
-6.76177
-6.76173
-6.76098
-6.75985
-6.75929
-6.75836
-6.75704
-6.75501
-6.75389
-6.7527
-6.75114
-6.75016
-6.74847
-6.74639
-6.74587
-6.74368
-6.74239
-6.74007
-6.73802
-6.73623
-6.73405
-6.73181
-6.72951
-6.72715
-6.72473
-6.7229
-6.72101
-6.71842
-6.71544
-6.71306
-6.71062
-6.70909
-6.70622
-6.70394
-6.70128
-6.69825
-6.69485
-6.69238
-6.68953
-6.68599
-6.68305
-6.6804
-6.67707
-6.67434
-6.67158
-6.66815
-6.66501
-6.66185
-6.65931
-6.65675
-6.6532
-6.64932
-6.64639
-6.64314
-6.63988
-6.63661
-6.63271
-6.62978
-6.62653
-6.62329
-6.6204
-6.61687
-6.61369
-6.61118
-6.60741
-6.60399
-6.60028
-6.59661
-6.59428
-6.59102
-6.58814
-6.58562
-6.58219
-6.57979
-6.57744
-6.57516
-6.57261
-6.57014
-6.56773
-6.56604
-6.56378
-6.56224
-6.56079
-6.55844
-6.55585
-6.55367
-6.55352
-6.55217
-6.55091
-6.55006
-6.54897
-6.54798
-6.54676
-6.54434
-6.54331
-6.5427
-6.54153
-6.54079
-6.54014
-6.53958
-6.53945
-6.53876
-6.53914
-6.53896
-6.53888
-6.53889
-6.53963
-6.53982
-6.5401
-6.54079
-6.54125
-6.54275
-6.5437
-6.54473
-6.54519
-6.54638
-6.54699
-6.548
-6.55006
-6.55089
-6.55114
-6.55211
-6.55314
-6.55488
-6.55667
-6.55788
-6.55914
-6.56044
-6.56213
-6.5645
-6.5666
-6.56842
-6.57027
-6.57216
-6.57408
-6.57636
-6.5777
-6.58037
-6.58273
-6.58512
-6.5872
-6.58962
-6.59206
-6.59419
-6.59665
-6.59848
-6.60063
-6.60215
-6.60464
-6.60616
-6.60897
-6.61146
-6.61329
-6.61479
-6.61628
-6.61873
-6.62117
-6.62295
-6.6247
-6.62676
-6.6288
-6.63114
-6.6328
-6.63508
-6.63669
-6.6389
-6.64109
-6.64259
-6.64405
-6.64579
-6.64717
-6.64915
-6.65173
-6.65297
-6.65481
-6.65626
-6.65767
-6.65901
-6.66029
-6.66151
-6.66267
-6.66408
-6.66511
-6.66606
-6.66694
-6.66808
-6.66913
-6.66882
-6.66907
-6.66957
-6.66934
-6.66967
-6.66992
-6.67007
-6.67015
-6.67077
-6.67099
-6.67046
-6.66953
-6.66914
-6.66866
-6.66809
-6.66775
-6.66764
-6.66679
-6.6665
-6.66546
-6.66401
-6.6628
-6.66182
-6.66076
-6.65929
-6.65807
-6.65612
-6.65474
-6.65297
-6.6508
-6.64954
-6.64758
-6.64652
-6.64413
-6.64233
-6.64114
-6.63893
-6.63703
-6.6338
-6.6312
-6.62859
-6.62597
-6.62399
-6.62138
-6.61942
-6.61683
-6.61459
-6.61271
-6.61021
-6.60808
-6.60567
-6.60364
-6.60103
-6.59848
-6.596
-6.59457
-6.5929
-6.59099
-6.58917
-6.58744
-6.58581
-6.58427
-6.58316
-6.58215
-6.5819
-6.5811
-6.58073
-6.58014
-6.57965
-6.57926
-6.57866
-6.5788
-6.57903
-6.57872
-6.5785
-6.57869
-6.57799
-6.57803
-6.57847
-6.57899
-6.57926
-6.57992
-6.58161
-6.58239
-6.5829
-6.58411
-6.58504
-6.58601
-6.58638
-6.58742
-6.58915
-6.59026
-6.59107
-6.59255
-6.5934
-6.59458
-6.59578
-6.597
-6.5979
-6.59848
-6.59971
-6.60095
-6.60252
-6.6041
-6.60502
-6.60595
-6.60721
-6.60814
-6.60972
-6.61098
-6.61256
-6.61382
-6.61477
-6.61604
-6.61764
-6.61828
-6.62023
-6.62186
-6.62318
-6.62386
-6.62521
-6.62658
-6.62829
-6.6297
-6.63145
-6.63291
-6.63407
-6.63591
-6.63745
-6.64
-6.6416
-6.64292
-6.64492
-6.64695
-6.64838
-6.64984
-6.65133
-6.65287
-6.65444
-6.65638
-6.65868
-6.66037
-6.6621
-6.66484
-6.66761
-6.66978
-6.67198
-6.67357
-6.67519
-6.67814
-6.68112
-6.68316
-6.68555
-6.68829
-6.69072
-6.69415
-6.69663
-6.69912
-6.70195
-6.70447
-6.70666
-6.70919
-6.71139
-6.71457
-6.71741
-6.71895
-6.72145
-6.72427
-6.72674
-6.73016
-6.73194
-6.73531
-6.73769
-6.74035
-6.74363
-6.74622
-6.74812
-6.75031
-6.75245
-6.75421
-6.7569
-6.7592
-6.76145
-6.76299
-6.76544
-6.76718
-6.76886
-6.77046
-6.77135
-6.77314
-6.77421
-6.7752
-6.77612
-6.77793
-6.7787
-6.77938
-6.78064
-6.78084
-6.7816
-6.78229
-6.78289
-6.78405
-6.78416
-6.78451
-6.78541
-6.78526
-6.78535
-6.7847
-6.78493
-6.7854
-6.78513
-6.78542
-6.78466
-6.7838
-6.78286
-6.7828
-6.78265
-6.78143
-6.78046
-6.77842
-6.77727
-6.77571
-6.77406
-6.77265
-6.77147
-6.76989
-6.76822
-6.76614
-6.76366
-6.76239
-6.76136
-6.75896
-6.75551
-6.75361
-6.75098
-6.74892
-6.74582
-6.74298
-6.74039
-6.73807
-6.73503
-6.73225
-6.72974
-6.72653
-6.72358
-6.71993
-6.71656
-6.71346
-6.71032
-6.70714
-6.70391
-6.70098
-6.69768
-6.69469
-6.69166
-6.68764
-6.68425
-6.68148
-6.67741
-6.6743
-6.67021
-6.66644
-6.66331
-6.6589
-6.65546
-6.65268
-6.64829
-6.64424
-6.64054
-6.63685
-6.63319
-6.62988
-6.62661
-6.62369
-6.62049
-6.61733
-6.61453
-6.6105
-6.60716
-6.60421
-6.60131
-6.59881
-6.59572
-6.59303
-6.59074
-6.5882
-6.58575
-6.58306
-6.58046
-6.57892
-6.57716
-6.57518
-6.5733
-6.5712
-6.56987
-6.568
-6.56592
-6.56429
-6.56343
-6.56237
-6.56111
-6.56062
-6.56027
-6.56005
-6.55996
-6.55936
-6.55826
-6.55858
-6.55871
-6.55899
-6.56004
-6.56026
-6.56127
-6.56307
-6.56402
-6.56414
-6.56472
-6.5664
-6.56756
-6.56918
-6.5719
-6.57377
-6.57576
-6.57723
-6.57882
-6.58149
-6.58331
-6.58523
-6.58791
-6.5907
-6.59391
-6.59624
-6.59932
-6.60216
-6.60542
-6.60876
-6.61218
-6.61536
-6.61925
-6.62289
-6.62692
-6.63004
-6.63387
-6.63775
-6.64103
-6.64435
-6.64901
-6.65338
-6.65746
-6.66157
-6.6657
-6.66952
-6.67368
-6.67817
-6.68234
-6.68585
-6.68969
-6.69351
-6.69763
-6.70109
-6.70581
-6.71017
-6.71417
-6.71813
-6.72171
-6.72621
-6.73033
-6.73503
-6.73837
-6.7426
-6.74546
-6.7492
-6.75189
-6.75545
-6.75859
-6.7613
-6.76488
-6.76771
-6.77041
-6.773
-6.77578
-6.77811
-6.78032
-6.78271
-6.78464
-6.78546
-6.78711
-6.78862
-6.79127
-6.79184
-6.7929
-6.79381
-6.79586
-6.79646
-6.79755
-6.79687
-6.79732
-6.79761
-6.79807
-6.7974
-6.79657
-6.7959
-6.79572
-6.79473
-6.79326
-6.79195
-6.79049
-6.7892
-6.7884
-6.78615
-6.78375
-6.78121
-6.77916
-6.77664
-6.77334
-6.77086
-6.76824
-6.76582
-6.76261
-6.7596
-6.75549
-6.75223
-6.74885
-6.74438
-6.74078
-6.73739
-6.73324
-6.72997
-6.72596
-6.72186
-6.71735
-6.71276
-6.70842
-6.70303
-6.69661
-6.69207
-6.6878
-6.68185
-6.67684
-6.6721
-6.66733
-6.66254
-6.65707
-6.6519
-6.64705
-6.64187
-6.63636
-6.63086
-6.62569
-6.62086
-6.61573
-6.61063
-6.60524
-6.60021
-6.59491
-6.5903
-6.58511
-6.58062
-6.57555
-6.57088
-6.56629
-6.56179
-6.55705
-6.5524
-6.54818
-6.54374
-6.53973
-6.53616
-6.53303
-6.52938
-6.52521
-6.52117
-6.51856
-6.51609
-6.51311
-6.51125
-6.50856
-6.50667
-6.50428
-6.50172
-6.49964
-6.49771
-6.49626
-6.49433
-6.49287
-6.49124
-6.4901
-6.48878
-6.48795
-6.48695
-6.48642
-6.48604
-6.48647
-6.48736
-6.48743
-6.48798
-6.48866
-6.48883
-6.48915
-6.48959
-6.49114
-6.49281
-6.49396
-6.49491
-6.49597
-6.49747
-6.49908
-6.50079
-6.50229
-6.5042
-6.50653
-6.50797
-6.51048
-6.51306
-6.5154
-6.51748
-6.51964
-6.52218
-6.52447
-6.52648
-6.52952
-6.53293
-6.53542
-6.53795
-6.54051
-6.54376
-6.54638
-6.54871
-6.55139
-6.55376
-6.55679
-6.55919
-6.56224
-6.56497
-6.56868
-6.57205
-6.57542
-6.57879
-6.58311
-6.58612
-6.58911
-6.59175
-6.59405
-6.59696
-6.59984
-6.60301
-6.60614
-6.60923
-6.61195
-6.61462
-6.61724
-6.61916
-6.62199
-6.62412
-6.62651
-6.62786
-6.63012
-6.63231
-6.63606
-6.63778
-6.64008
-6.64327
-6.64509
-6.64651
-6.64848
-6.64973
-6.65089
-6.65196
-6.65327
-6.65481
-6.65593
-6.65729
-6.65823
-6.65875
-6.65951
-6.6605
-6.66075
-6.6609
-6.66162
-6.66191
-6.66244
-6.66159
-6.66162
-6.66156
-6.66108
-6.66053
-6.65924
-6.65949
-6.65901
-6.65943
-6.6588
-6.65777
-6.65634
-6.65582
-6.65522
-6.65457
-6.65385
-6.6521
-6.65095
-6.64974
-6.64816
-6.64717
-6.64646
-6.64474
-6.64298
-6.64151
-6.63935
-6.63749
-6.63592
-6.63433
-6.63272
-6.63011
-6.62847
-6.62648
-6.62514
-6.62314
-6.62211
-6.62011
-6.61908
-6.61741
-6.61575
-6.61411
-6.61248
-6.61086
-6.61024
-6.609
-6.60714
-6.6053
-6.60318
-6.60174
-6.60002
-6.59866
-6.59735
-6.59608
-6.59422
-6.59273
-6.59195
-6.59057
-6.59056
-6.59028
-6.58942
-6.58766
-6.58662
-6.585
-6.5841
-6.58328
-6.58318
-6.58283
-6.58256
-6.58237
-6.58259
-6.58257
-6.58262
-6.58244
-6.58266
-6.582
-6.58207
-6.5819
-6.58246
-6.58279
-6.58384
-6.58466
-6.58588
-6.5875
-6.58824
-6.58905
-6.59027
-6.59188
-6.59358
-6.59534
-6.59718
-6.59909
-6.60106
-6.60245
-6.60391
-6.60543
-6.6083
-6.61091
-6.61324
-6.61531
-6.61774
-6.62054
-6.62242
-6.62466
-6.62694
-6.62892
-6.63159
-6.63395
-6.63732
-6.64005
-6.64377
-6.64654
-6.64963
-6.65274
-6.65487
-6.65765
-6.6601
-6.66222
-6.66465
-6.66674
-6.66947
-6.67249
-6.67483
-6.67715
-6.67975
-6.682
-6.68453
-6.68669
-6.6888
-6.69087
-6.69321
-6.69387
-6.69609
-6.69825
-6.6997
-6.7014
-6.70271
-6.70459
-6.70607
-6.7078
-6.70977
-6.71133
-6.71183
-6.71258
-6.71323
-6.71476
-6.71556
-6.71626
-6.71687
-6.71705
-6.71747
-6.71778
-6.718
-6.71747
-6.71717
-6.71709
-6.71627
-6.71568
-6.71531
-6.71484
-6.71427
-6.71361
-6.71285
-6.71199
-6.71169
-6.71065
-6.70919
-6.70765
-6.70537
-6.70398
-6.70251
-6.70129
-6.69902
-6.69732
-6.69555
-6.6934
-6.6915
-6.68922
-6.68689
-6.68547
-6.68369
-6.68121
-6.67933
-6.67678
-6.67451
-6.6719
-6.66959
-6.66791
-6.66558
-6.66323
-6.66088
-6.6582
-6.65522
-6.65322
-6.65026
-6.6483
-6.64571
-6.64381
-6.64195
-6.64013
-6.63835
-6.63598
-6.634
-6.63175
-6.62957
-6.62843
-6.62705
-6.62575
-6.62388
-6.62179
-6.6214
-6.62079
-6.61899
-6.61761
-6.61666
-6.61582
-6.61412
-6.61415
-6.61332
-6.61359
-6.613
-6.61285
-6.6125
-6.61292
-6.61216
-6.61249
-6.61327
-6.61352
-6.61356
-6.61469
-6.6156
-6.61728
-6.61841
-6.61933
-6.62099
-6.62179
-6.62301
-6.62496
-6.62668
-6.62817
-6.63103
-6.63234
-6.63406
-6.63584
-6.63768
-6.63991
-6.64283
-6.64516
-6.64818
-6.65091
-6.65335
-6.65647
-6.65831
-6.66082
-6.664
-6.66654
-6.66907
-6.67161
-6.67447
-6.67731
-6.6795
-6.68199
-6.68446
-6.68657
-6.68866
-6.69103
-6.69271
-6.69435
-6.69691
-6.6991
-6.70124
-6.70299
-6.70468
-6.70664
-6.70885
-6.71035
-6.71177
-6.71377
-6.71537
-6.71722
-6.71931
-6.72035
-6.72163
-6.72315
-6.72426
-6.72561
-6.72655
-6.72707
-6.72783
-6.72849
-6.72875
-6.7302
-6.73027
-6.7309
-6.73144
-6.7322
-6.73288
-6.73217
-6.73169
-6.73081
-6.72983
-6.72941
-6.72923
-6.72864
-6.72764
-6.72688
-6.72604
-6.72609
-6.72477
-6.72304
-6.72189
-6.72066
-6.71969
-6.718
-6.71689
-6.71539
-6.71254
-6.71125
-6.70989
-6.70816
-6.70669
-6.70518
-6.70329
-6.7007
-6.69905
-6.69702
-6.69464
-6.69254
-6.69074
-6.6889
-6.68703
-6.68448
-6.68224
-6.68029
-6.67832
-6.67633
-6.67433
-6.67167
-6.66932
-6.66696
-6.66427
-6.66092
-6.65854
-6.65616
-6.65379
-6.65141
-6.64904
-6.64733
-6.64498
-6.64231
-6.64064
-6.63801
-6.63669
-6.63443
-6.63219
-6.62997
-6.62779
-6.62564
-6.62319
-6.62046
-6.61906
-6.61673
-6.61509
-6.61317
-6.61129
-6.60915
-6.6077
-6.6063
-6.60399
-6.60239
-6.60117
-6.60001
-6.59891
-6.59691
-6.59595
-6.59506
-6.59391
-6.59187
-6.5912
-6.5906
-6.59008
-6.58931
-6.58863
-6.58769
-6.58684
-6.58607
-6.58603
-6.58607
-6.58554
-6.58541
-6.58537
-6.58443
-6.58487
-6.58538
-6.58598
-6.58664
-6.58706
-6.58722
-6.58746
-6.58873
-6.59007
-6.5905
-6.59099
-6.59219
-6.59345
-6.59476
-6.59579
-6.59687
-6.59801
-6.5995
-6.60007
-6.60133
-6.60327
-6.60492
-6.60595
-6.60734
-6.60842
-6.60985
-6.61163
-6.6131
-6.61427
-6.61512
-6.61664
-6.61784
-6.61905
-6.62026
-6.6218
-6.62334
-6.62423
-6.62545
-6.62633
-6.62818
-6.63034
-6.63153
-6.63269
-6.63417
-6.63595
-6.63739
-6.63914
-6.63957
-6.64096
-6.64297
-6.64365
-6.64496
-6.64656
-6.64749
-6.64935
-6.64989
-6.65104
-6.65183
-6.65323
-6.65427
-6.65461
-6.65557
-6.65616
-6.65768
-6.65916
-6.66059
-6.66133
-6.6617
-6.66235
-6.66262
-6.66414
-6.66431
-6.66411
-6.66419
-6.66454
-6.66419
-6.66379
-6.66366
-6.6638
-6.6639
-6.66393
-6.66457
-6.66483
-6.66503
-6.66454
-6.66368
-6.66341
-6.66277
-6.66208
-6.66134
-6.66088
-6.66005
-6.65886
-6.65827
-6.65699
-6.65631
-6.65625
-6.65583
-6.6557
-6.65553
-6.65534
-6.65415
-6.65391
-6.653
-6.65207
-6.65177
-6.65145
-6.65113
-6.6495
-6.64885
-6.64786
-6.64623
-6.64494
-6.64397
-6.64302
-6.64241
-6.64117
-6.64028
-6.63909
-6.63761
-6.63747
-6.63606
-6.63534
-6.63565
-6.63503
-6.63446
-6.63395
-6.63382
-6.63375
-6.63343
-6.63317
-6.63298
-6.63253
-6.63249
-6.63284
-6.6336
-6.63378
-6.63373
-6.6331
-6.63451
-6.63567
-6.63626
-6.63693
-6.63801
-6.63884
-6.63974
-6.64137
-6.6421
-6.64387
-6.64474
-6.646
-6.64699
-6.64837
-6.65012
-6.65159
-6.65279
-6.65371
-6.65563
-6.6579
-6.65923
-6.66155
-6.66356
-6.66526
-6.66696
-6.66834
-6.67003
-6.67106
-6.6724
-6.67339
-6.675
-6.67657
-6.67811
-6.67863
-6.67943
-6.68115
-6.68248
-6.68375
-6.68464
-6.68578
-6.68749
-6.6888
-6.68971
-6.69086
-6.69193
-6.6929
-6.69347
-6.69426
-6.69496
-6.69556
-6.69639
-6.69712
-6.69775
-6.69699
-6.69677
-6.69645
-6.69603
-6.69583
-6.69553
-6.6948
-6.6943
-6.69305
-6.69202
-6.69057
-6.68903
-6.68707
-6.68566
-6.68416
-6.68257
-6.68122
-6.67881
-6.67599
-6.67407
-6.67207
-6.66999
-6.66817
-6.66563
-6.6627
-6.66004
-6.65699
-6.65453
-6.65299
-6.65043
-6.64718
-6.64421
-6.6412
-6.63849
-6.63607
-6.63363
-6.63084
-6.62772
-6.6249
-6.62208
-6.61926
-6.61612
-6.61298
-6.60985
-6.60674
-6.6043
-6.60155
-6.59884
-6.5968
-6.59383
-6.59058
-6.58738
-6.58487
-6.5821
-6.58003
-6.5777
-6.57512
-6.57261
-6.57082
-6.56911
-6.56716
-6.56465
-6.56288
-6.5612
-6.55995
-6.55912
-6.55774
-6.55713
-6.5563
-6.55526
-6.55433
-6.5532
-6.55187
-6.55132
-6.55153
-6.5522
-6.55267
-6.5523
-6.55207
-6.55197
-6.55232
-6.55249
-6.55311
-6.55322
-6.55347
-6.5545
-6.55534
-6.55632
-6.5584
-6.55932
-6.56102
-6.56252
-6.5648
-6.5672
-6.56973
-6.57173
-6.5745
-6.57705
-6.57907
-6.58249
-6.58537
-6.5877
-6.59109
-6.59426
-6.59783
-6.60148
-6.60521
-6.60869
-6.61256
-6.61649
-6.61983
-6.62322
-6.62763
-6.63143
-6.6359
-6.64041
-6.64462
-6.64754
-6.65177
-6.65569
-6.6596
-6.66318
-6.66706
-6.67061
-6.67478
-6.67859
-6.68237
-6.68643
-6.68948
-6.69312
-6.69638
-6.70055
-6.70304
-6.70612
-6.71009
-6.71334
-6.71651
-6.72025
-6.72294
-6.72585
-6.72868
-6.7298
-6.73243
-6.7353
-6.73806
-6.74073
-6.74264
-6.74445
-6.74713
-6.74937
-6.75151
-6.75386
-6.75481
-6.7563
-6.75768
-6.7583
-6.75882
-6.75922
-6.76049
-6.76132
-6.76236
-6.76329
-6.76379
-6.76417
-6.76412
-6.76429
-6.76434
-6.76494
-6.7651
-6.7658
-6.76575
-6.76591
-6.76564
-6.76461
-6.76445
-6.76353
-6.7625
-6.76169
-6.76044
-6.7591
-6.757
-6.75544
-6.75378
-6.75137
-6.75016
-6.74787
-6.74548
-6.74267
-6.74074
-6.73903
-6.73691
-6.73533
-6.73205
-6.72932
-6.72651
-6.7236
-6.72094
-6.71754
-6.71439
-6.71149
-6.70819
-6.70482
-6.70138
-6.6982
-6.69528
-6.69262
-6.68863
-6.6849
-6.68178
-6.67764
-6.67411
-6.67054
-6.66597
-6.66235
-6.65805
-6.65342
-6.64877
-6.64476
-6.64139
-6.63672
-6.63238
-6.6274
-6.62308
-6.6191
-6.61546
-6.61152
-6.60793
-6.6034
-6.59923
-6.5951
-6.59102
-6.58795
-6.58428
-6.58132
-6.57712
-6.57395
-6.5702
-6.56716
-6.56452
-6.56163
-6.55849
-6.55542
-6.55244
-6.54986
-6.54672
-6.54334
-6.54102
-6.53782
-6.53536
-6.533
-6.5304
-6.52854
-6.52645
-6.52479
-6.52386
-6.52077
-6.51875
-6.51618
-6.51436
-6.5136
-6.51197
-6.51043
-6.50931
-6.50829
-6.50704
-6.50588
-6.50514
-6.50481
-6.50425
-6.50345
-6.50306
-6.50276
-6.50254
-6.5024
-6.50267
-6.5027
-6.50216
-6.50203
-6.50197
-6.50198
-6.50175
-6.50223
-6.50279
-6.50309
-6.50314
-6.50552
-6.50636
-6.50726
-6.50823
-6.50958
-6.51067
-6.51182
-6.51272
-6.51497
-6.51632
-6.5174
-6.51854
-6.52006
-6.52164
-6.52296
-6.52498
-6.52707
-6.52986
-6.53174
-6.53368
-6.536
-6.53773
-6.53984
-6.54169
-6.54391
-6.54653
-6.5492
-6.5516
-6.55439
-6.55658
-6.55949
-6.56212
-6.56481
-6.56852
-6.57132
-6.57482
-6.5774
-6.58068
-6.58369
-6.58674
-6.58952
-6.59299
-6.59619
-6.60007
-6.60399
-6.6073
-6.60967
-6.61369
-6.61645
-6.61923
-6.62333
-6.62713
-6.63126
-6.63412
-6.63764
-6.64116
-6.64404
-6.64854
-6.65272
-6.65592
-6.65943
-6.66261
-6.66674
-6.67052
-6.67396
-6.67737
-6.6814
-6.68476
-6.68839
-6.69167
-6.69522
-6.69841
-6.70154
-6.70527
-6.70798
-6.71095
-6.71354
-6.71671
-6.71917
-6.72124
-6.72454
-6.72648
-6.72931
-6.73175
-6.73411
-6.7364
-6.73829
-6.74041
-6.74246
-6.74442
-6.7463
-6.74809
-6.7498
-6.75207
-6.75457
-6.75635
-6.75803
-6.7593
-6.76049
-6.76191
-6.76324
-6.76481
-6.76564
-6.76606
-6.76671
-6.76761
-6.76841
-6.76978
-6.76944
-6.76838
-6.76852
-6.76891
-6.76922
-6.7688
-6.76862
-6.76804
-6.76803
-6.76762
-6.76681
-6.76722
-6.76691
-6.76588
-6.76478
-6.76394
-6.7627
-6.76173
-6.76101
-6.76024
-6.75843
-6.7569
-6.75563
-6.75398
-6.75294
-6.75087
-6.74908
-6.74822
-6.74732
-6.74509
-6.74314
-6.74149
-6.7398
-6.73809
-6.73635
-6.73556
-6.73411
-6.73199
-6.73018
-6.72804
-6.7259
-6.72375
-6.72224
-6.72041
-6.71891
-6.71676
-6.71527
-6.71379
-6.71135
-6.70925
-6.70749
-6.70446
-6.70275
-6.70072
-6.69938
-6.69773
-6.69611
-6.69451
-6.69295
-6.69206
-6.68959
-6.68844
-6.68699
-6.68591
-6.68452
-6.68349
-6.68152
-6.67926
-6.67767
-6.67708
-6.67685
-6.67534
-6.67419
-6.67273
-6.67162
-6.67021
-6.66816
-6.66744
-6.66641
-6.66507
-6.66342
-6.66243
-6.66177
-6.66048
-6.65919
-6.65888
-6.65826
-6.65698
-6.65571
-6.65508
-6.65412
-6.65316
-6.65285
-6.65155
-6.6509
-6.65024
-6.64892
-6.64823
-6.6472
-6.64616
-6.64511
-6.64371
-6.64262
-6.64118
-6.64038
-6.63923
-6.63773
-6.63557
-6.63468
-6.63345
-6.63252
-6.63125
-6.62995
-6.62864
-6.62763
-6.62595
-6.62425
-6.62253
-6.62145
-6.61971
-6.6186
-6.61715
-6.61505
-6.61358
-6.61179
-6.61032
-6.60884
-6.60704
-6.60493
-6.60314
-6.60169
-6.60026
-6.59852
-6.59778
-6.59641
-6.5954
-6.59411
-6.59285
-6.5926
-6.59143
-6.59064
-6.58926
-6.5873
-6.58605
-6.58454
-6.58376
-6.58273
-6.58179
-6.58093
-6.58017
-6.5795
-6.57958
-6.57879
-6.57842
-6.57914
-6.57997
-6.57994
-6.5797
-6.58023
-6.58055
-6.58163
-6.58186
-6.58286
-6.58463
-6.58587
-6.58788
-6.58903
-6.5903
-6.59201
-6.59351
-6.59576
-6.59747
-6.59928
-6.60119
-6.60352
-6.60626
-6.60909
-6.61135
-6.61369
-6.6161
-6.6189
-6.62273
-6.62499
-6.62925
-6.6316
-6.63464
-6.63771
-6.64112
-6.6452
-6.64864
-6.65177
-6.6549
-6.65802
-6.66113
-6.6639
-6.66632
-6.66969
-6.67302
-6.67567
-6.6786
-6.68148
-6.68432
-6.68774
-6.69045
-6.69246
-6.69472
-6.69724
-6.70098
-6.7027
-6.70499
-6.7072
-6.70933
-6.71138
-6.71366
-6.71521
-6.717
-6.71838
-6.71999
-6.72216
-6.72327
-6.72429
-6.72555
-6.7264
-6.72716
-6.72718
-6.72745
-6.72795
-6.72838
-6.72937
-6.73061
-6.73112
-6.7322
-6.73354
-6.73545
-6.736
-6.73617
-6.73626
-6.7363
-6.73564
-6.73491
-6.73447
-6.73332
-6.73278
-6.73252
-6.73255
-6.73222
-6.7325
-6.73211
-6.73137
-6.73092
-6.73078
-6.72998
-6.72916
-6.72833
-6.72846
-6.72826
-6.72838
-6.72753
-6.72668
-6.72745
-6.72629
-6.7261
-6.7256
-6.72511
-6.72559
-6.72512
-6.7253
-6.72549
-6.72505
-6.72462
-6.7242
-6.72249
-6.72177
-6.72105
-6.72034
-6.71867
-6.71895
-6.71858
-6.71789
-6.71687
-6.71586
-6.71517
-6.71512
-6.71474
-6.71403
-6.71363
-6.71289
-6.71312
-6.713
-6.71222
-6.71077
-6.71027
-6.70878
-6.70857
-6.70833
-6.70774
-6.70778
-6.70682
-6.70777
-6.70708
-6.70668
-6.70626
-6.70483
-6.705
-6.70417
-6.70299
-6.70146
-6.7012
-6.70091
-6.7006
-6.70028
-6.69928
-6.69826
-6.69788
-6.69618
-6.69545
-6.69502
-6.69491
-6.69382
-6.6924
-6.6913
-6.68987
-6.68812
-6.68766
-6.68591
-6.68448
-6.68338
-6.68196
-6.68151
-6.68011
-6.6787
-6.67827
-6.67688
-6.67582
-6.67475
-6.67435
-6.672
-6.67095
-6.6699
-6.66918
-6.66814
-6.66774
-6.66668
-6.66563
-6.66392
-6.66252
-6.66143
-6.66033
-6.65921
-6.65841
-6.65725
-6.65576
-6.65456
-6.65302
-6.65146
-6.65051
-6.64856
-6.64691
-6.6462
-6.64481
-6.64371
-6.64226
-6.64044
-6.63892
-6.63639
-6.63447
-6.63318
-6.6312
-6.62918
-6.62714
-6.62539
-6.62394
-6.62214
-6.62063
-6.6191
-6.61722
-6.61565
-6.61342
-6.61149
-6.60955
-6.60759
-6.60595
-6.60431
-6.60234
-6.60004
-6.59872
-6.59676
-6.59512
-6.59318
-6.5906
-6.58901
-6.58711
-6.58556
-6.58436
-6.58254
-6.58108
-6.57964
-6.57792
-6.57624
-6.5746
-6.573
-6.57113
-6.56931
-6.56786
-6.56613
-6.56479
-6.5635
-6.5626
-6.5611
-6.56032
-6.55895
-6.55765
-6.55609
-6.55557
-6.55414
-6.55344
-6.5528
-6.55223
-6.55173
-6.5513
-6.55062
-6.5513
-6.55109
-6.55095
-6.55087
-6.55119
-6.55093
-6.55074
-6.55062
-6.55088
-6.55121
-6.55161
-6.55174
-6.55225
-6.55347
-6.5541
-6.55447
-6.55456
-6.55568
-6.55717
-6.55807
-6.55901
-6.56
-6.56038
-6.56113
-6.5629
-6.56405
-6.56491
-6.56582
-6.56675
-6.56805
-6.5697
-6.57073
-6.57244
-6.57353
-6.57529
-6.57708
-6.57825
-6.57976
-6.58065
-6.58253
-6.58443
-6.58603
-6.58766
-6.5893
-6.59064
-6.59297
-6.59499
-6.59672
-6.59813
-6.60022
-6.60265
-6.60446
-6.60628
-6.60812
-6.61128
-6.61284
-6.61506
-6.61731
-6.61957
-6.62218
-6.62351
-6.62519
-6.62687
-6.62923
-6.63094
-6.63332
-6.63539
-6.63812
-6.6402
-6.64198
-6.64311
-6.64554
-6.6483
-6.65073
-6.65316
-6.65494
-6.65671
-6.65815
-6.65957
-6.66099
-6.6627
-6.6644
-6.66737
-6.67031
-6.67322
-6.67481
-6.67572
-6.67723
-6.67806
-6.6795
-6.68088
-6.68254
-6.68415
-6.68635
-6.68817
-6.6896
-6.69129
-6.69259
-6.69415
-6.69466
-6.69511
-6.6958
-6.69706
-6.6976
-6.69838
-6.70005
-6.70034
-6.70152
-6.70165
-6.70201
-6.70262
-6.70281
-6.70292
-6.70261
-6.70254
-6.7027
-6.70181
-6.70148
-6.70138
-6.70088
-6.69996
-6.70026
-6.6995
-6.69801
-6.69741
-6.69674
-6.69501
-6.69386
-6.69263
-6.69133
-6.68995
-6.68849
-6.68697
-6.6857
-6.68405
-6.68232
-6.68053
-6.67933
-6.67709
-6.67576
-6.67406
-6.67229
-6.6695
-6.66731
-6.66506
-6.66309
-6.66074
-6.65835
-6.65623
-6.65375
-6.65155
-6.64963
-6.64702
-6.6447
-6.64169
-6.63832
-6.63557
-6.63214
-6.62901
-6.62585
-6.62332
-6.62044
-6.61721
-6.61365
-6.61072
-6.60811
-6.60548
-6.60253
-6.59957
-6.59694
-6.59399
-6.59104
-6.5881
-6.5855
-6.5826
-6.57939
-6.57621
-6.57337
-6.57025
-6.56748
-6.56411
-6.56143
-6.55879
-6.55556
-6.55335
-6.5512
-6.54911
-6.54643
-6.5448
-6.54259
-6.53948
-6.53774
-6.53609
-6.53387
-6.53174
-6.52969
-6.52774
-6.52686
-6.52446
-6.52378
-6.52224
-6.52177
-6.52044
-6.51922
-6.51876
-6.51809
-6.51721
-6.51677
-6.51645
-6.51625
-6.51585
-6.51622
-6.51703
-6.51635
-6.51644
-6.51666
-6.51732
-6.51811
-6.51903
-6.51974
-6.52025
-6.5225
-6.52423
-6.52607
-6.52706
-6.52881
-6.53099
-6.53297
-6.53537
-6.53724
-6.53953
-6.54257
-6.54505
-6.54796
-6.55062
-6.55306
-6.55589
-6.55978
-6.56309
-6.5668
-6.57024
-6.57375
-6.57699
-6.57964
-6.5833
-6.58669
-6.59011
-6.59293
-6.59674
-6.60025
-6.60346
-6.60702
-6.60993
-6.61285
-6.61642
-6.62031
-6.62355
-6.62775
-6.63161
-6.63513
-6.63863
-6.6421
-6.64554
-6.64863
-6.65135
-6.65468
-6.65829
-6.66121
-6.66537
-6.66851
-6.67127
-6.67365
-6.67694
-6.67985
-6.68204
-6.68482
-6.68721
-6.68985
-6.6921
-6.69589
-6.69832
-6.70068
-6.70296
-6.70485
-6.70731
-6.70936
-6.71166
-6.71454
-6.71636
-6.71844
-6.72011
-6.72236
-6.72388
-6.725
-6.7267
-6.72833
-6.72957
-6.73105
-6.73248
-6.73351
-6.73479
-6.73602
-6.73686
-6.73828
-6.73867
-6.739
-6.74025
-6.74047
-6.74031
-6.74075
-6.74114
-6.74148
-6.74209
-6.74202
-6.74222
-6.74239
-6.74252
-6.74391
-6.74365
-6.74368
-6.74303
-6.74365
-6.74391
-6.74416
-6.74405
-6.74327
-6.74409
-6.74393
-6.74406
-6.74354
-6.74332
-6.74277
-6.74189
-6.74164
-6.74105
-6.74111
-6.74116
-6.74153
-6.74124
-6.74127
-6.74064
-6.74001
-6.73905
-6.73906
-6.73907
-6.73907
-6.7381
-6.7381
-6.7381
-6.73745
-6.73648
-6.73647
-6.73582
-6.73516
-6.73354
-6.7332
-6.7332
-6.73351
-6.73286
-6.73253
-6.73285
-6.73317
-6.73253
-6.73221
-6.73156
-6.73092
-6.73093
-6.73126
-6.73095
-6.73096
-6.73098
-6.73067
-6.72907
-6.72876
-6.72879
-6.72849
-6.72916
-6.72886
-6.72823
-6.72826
-6.72763
-6.727
-6.7267
-6.72574
-6.72576
-6.72544
-6.72513
-6.72577
-6.72545
-6.72544
-6.72509
-6.72474
-6.72471
-6.72401
-6.72298
-6.72323
-6.72282
-6.72304
-6.7226
-6.72213
-6.72165
-6.71986
-6.71901
-6.71782
-6.71724
-6.71665
-6.71537
-6.71407
-6.71339
-6.71398
-6.71388
-6.71278
-6.71229
-6.71144
-6.7099
-6.70962
-6.70801
-6.707
-6.70531
-6.70422
-6.70373
-6.70223
-6.70068
-6.69876
-6.69744
-6.69608
-6.69433
-6.69319
-6.69135
-6.68979
-6.68785
-6.68651
-6.68414
-6.68173
-6.67991
-6.67805
-6.67581
-6.67352
-6.6715
-6.66944
-6.66765
-6.66517
-6.66296
-6.66072
-6.65777
-6.65479
-6.65274
-6.65
-6.64755
-6.64506
-6.64253
-6.63998
-6.63771
-6.63509
-6.63245
-6.62978
-6.62644
-6.62405
-6.62067
-6.61858
-6.61549
-6.61273
-6.61027
-6.60782
-6.60535
-6.60225
-6.59979
-6.59702
-6.59457
-6.59246
-6.58972
-6.587
-6.58364
-6.58128
-6.57765
-6.57502
-6.57274
-6.56985
-6.56796
-6.56578
-6.56332
-6.5609
-6.55916
-6.55651
-6.55519
-6.55295
-6.55044
-6.54799
-6.54591
-6.54388
-6.54127
-6.53936
-6.53751
-6.53572
-6.53367
-6.53233
-6.53073
-6.5292
-6.52773
-6.52634
-6.52598
-6.52472
-6.52353
-6.52306
-6.52234
-6.52104
-6.51982
-6.51899
-6.51727
-6.51594
-6.51566
-6.51513
-6.51532
-6.51461
-6.5143
-6.51374
-6.51293
-6.51284
-6.51282
-6.5132
-6.51365
-6.51417
-6.51411
-6.51477
-6.51518
-6.51566
-6.5162
-6.5168
-6.5178
-6.51821
-6.51835
-6.51921
-6.52077
-6.52206
-6.52341
-6.5248
-6.52528
-6.52614
-6.52703
-6.52862
-6.52993
-6.5316
-6.53299
-6.53376
-6.53554
-6.5367
-6.53821
-6.53974
-6.5413
-6.54321
-6.54416
-6.54512
-6.54643
-6.54871
-6.55036
-6.55201
-6.55399
-6.55598
-6.55796
-6.55929
-6.56127
-6.56323
-6.56519
-6.56713
-6.56906
-6.57033
-6.57223
-6.5741
-6.57595
-6.57745
-6.57925
-6.58038
-6.58147
-6.58254
-6.58357
-6.58521
-6.5865
-6.58742
-6.58863
-6.5898
-6.59126
-6.593
-6.59404
-6.59472
-6.59568
-6.59627
-6.59714
-6.59828
-6.59938
-6.60107
-6.60175
-6.60205
-6.60295
-6.60316
-6.60396
-6.60438
-6.60443
-6.60475
-6.6047
-6.60525
-6.60542
-6.60522
-6.60529
-6.60563
-6.60657
-6.60681
-6.60668
-6.60585
-6.60594
-6.60565
-6.605
-6.60429
-6.60321
-6.60241
-6.60189
-6.60197
-6.60167
-6.60166
-6.6003
-6.59891
-6.59811
-6.59695
-6.59607
-6.59515
-6.5942
-6.5932
-6.59249
-6.59207
-6.5913
-6.58952
-6.58836
-6.58685
-6.58531
-6.58408
-6.58281
-6.58153
-6.5799
-6.57826
-6.57725
-6.57623
-6.57617
-6.57482
-6.57345
-6.57177
-6.57073
-6.56938
-6.56803
-6.56605
-6.56472
-6.56407
-6.56278
-6.56088
-6.55932
-6.55812
-6.55663
-6.55517
-6.55375
-6.5527
-6.5517
-6.55042
-6.54952
-6.54867
-6.54756
-6.54715
-6.54616
-6.54491
-6.54502
-6.5452
-6.54513
-6.54449
-6.54424
-6.54406
-6.54364
-6.54362
-6.54303
-6.54349
-6.54339
-6.54368
-6.54373
-6.54419
-6.54473
-6.54534
-6.54603
-6.5468
-6.54765
-6.54889
-6.55022
-6.55096
-6.55243
-6.55397
-6.55492
-6.55627
-6.55865
-6.55981
-6.56134
-6.56294
-6.56458
-6.56596
-6.56772
-6.56887
-6.57008
-6.57165
-6.57391
-6.57621
-6.5779
-6.57931
-6.58139
-6.58382
-6.58564
-6.5878
-6.58998
-6.59219
-6.59409
-6.596
-6.59858
-6.60149
-6.60312
-6.60508
-6.60738
-6.60967
-6.61197
-6.61427
-6.61592
-6.61918
-6.6218
-6.62343
-6.62538
-6.62764
-6.63054
-6.6331
-6.63499
-6.63687
-6.63937
-6.64186
-6.64367
-6.64611
-6.64722
-6.6496
-6.65163
-6.65428
-6.65657
-6.65817
-6.65974
-6.66225
-6.66439
-6.66617
-6.66693
-6.66895
-6.6706
-6.67252
-6.6731
-6.67525
-6.6767
-6.67745
-6.67944
-6.6804
-6.68163
-6.68248
-6.68359
-6.684
-6.68498
-6.68623
-6.68742
-6.68757
-6.68895
-6.68993
-6.69118
-6.6917
-6.69249
-6.69288
-6.69288
-6.69313
-6.69365
-6.69344
-6.69414
-6.69478
-6.69502
-6.69454
-6.694
-6.69371
-6.69304
-6.69262
-6.69214
-6.69192
-6.691
-6.69001
-6.68897
-6.68852
-6.68802
-6.68713
-6.68652
-6.68522
-6.68419
-6.68215
-6.68071
-6.67956
-6.67869
-6.67746
-6.67587
-6.67523
-6.67423
-6.67224
-6.67087
-6.66916
-6.66743
-6.66632
-6.66488
-6.66311
-6.661
-6.66019
-6.65872
-6.65725
-6.65546
-6.65464
-6.65286
-6.65173
-6.65028
-6.6495
-6.64808
-6.64603
-6.64465
-6.64394
-6.64292
-6.64096
-6.63902
-6.63776
-6.63685
-6.63564
-6.63414
-6.63301
-6.63255
-6.63148
-6.6311
-6.63044
-6.62981
-6.6302
-6.6287
-6.62724
-6.62648
-6.62608
-6.62509
-6.62447
-6.62391
-6.62275
-6.62229
-6.62189
-6.62122
-6.62126
-6.62103
-6.62118
-6.62043
-6.62038
-6.6204
-6.62114
-6.62097
-6.62151
-6.62179
-6.62182
-6.6216
-6.62306
-6.62362
-6.62555
-6.62625
-6.6267
-6.62755
-6.62847
-6.62946
-6.63084
-6.63262
-6.63382
-6.63574
-6.63708
-6.63817
-6.63998
-6.64218
-6.64379
-6.64515
-6.64721
-6.64966
-6.6512
-6.6528
-6.65445
-6.65745
-6.6605
-6.66262
-6.66512
-6.66765
-6.6699
-6.67187
-6.67386
-6.67621
-6.67891
-6.68196
-6.68373
-6.68584
-6.68828
-6.69138
-6.69352
-6.69695
-6.69876
-6.70122
-6.70431
-6.70675
-6.70852
-6.71091
-6.71264
-6.71466
-6.71666
-6.71894
-6.72086
-6.72307
-6.72491
-6.72801
-6.73041
-6.73309
-6.73539
-6.73763
-6.73982
-6.7413
-6.74337
-6.74538
-6.74668
-6.74823
-6.74972
-6.75146
-6.75281
-6.75312
-6.75497
-6.75644
-6.7575
-6.75817
-6.75909
-6.75961
-6.7607
-6.76075
-6.76137
-6.76224
-6.76304
-6.76376
-6.76376
-6.76369
-6.76387
-6.76397
-6.76368
-6.76331
-6.76319
-6.76268
-6.76241
-6.76175
-6.76135
-6.7599
-6.75968
-6.75906
-6.75837
-6.75794
-6.75679
-6.75558
-6.75527
-6.75327
-6.75251
-6.75135
-6.75013
-6.74885
-6.74783
-6.74642
-6.74528
-6.74374
-6.74182
-6.73985
-6.73846
-6.7367
-6.73455
-6.73235
-6.73074
-6.72843
-6.72638
-6.72396
-6.72214
-6.72091
-6.71931
-6.71734
-6.715
-6.71326
-6.70953
-6.70705
-6.70421
-6.70165
-6.69872
-6.6964
-6.69405
-6.69166
-6.68892
-6.68646
-6.68268
-6.67953
-6.67569
-6.67119
-6.66828
-6.66568
-6.66241
-6.65912
-6.65582
-6.65282
-6.6495
-6.64681
-6.64347
-6.64109
-6.63774
-6.63504
-6.63234
-6.62965
-6.62665
-6.62365
-6.62067
-6.6177
-6.61443
-6.6115
-6.60794
-6.60442
-6.60222
-6.5994
-6.59694
-6.59452
-6.59181
-6.58914
-6.58781
-6.58491
-6.58303
-6.58055
-6.5778
-6.57543
-6.57312
-6.57055
-6.56804
-6.56559
-6.56354
-6.56091
-6.55867
-6.5565
-6.55506
-6.55499
-6.55306
-6.5512
-6.55008
-6.54807
-6.54581
-6.54462
-6.54286
-6.54184
-6.54059
-6.53942
-6.53867
-6.53801
-6.53712
-6.53632
-6.53626
-6.53564
-6.53609
-6.53566
-6.53532
-6.53572
-6.53556
-6.53549
-6.5355
-6.53625
-6.53676
-6.53735
-6.53803
-6.53878
-6.53994
-6.54019
-6.54149
-6.54254
-6.54398
-6.54483
-6.5464
-6.54769
-6.54904
-6.55012
-6.55158
-6.55307
-6.55494
-6.55651
-6.55715
-6.55847
-6.55982
-6.56119
-6.56291
-6.56464
-6.56638
-6.56846
-6.57022
-6.57198
-6.57439
-6.5755
-6.57693
-6.57932
-6.58105
-6.58309
-6.58414
-6.58646
-6.58811
-6.58974
-6.59133
-6.59258
-6.5938
-6.59498
-6.59645
-6.59822
-6.60059
-6.60164
-6.6033
-6.60395
-6.6049
-6.60613
-6.60765
-6.60882
-6.60962
-6.61072
-6.61147
-6.61186
-6.6132
-6.61386
-6.61482
-6.61673
-6.61766
-6.61856
-6.61913
-6.62033
-6.62119
-6.62335
-6.62518
-6.62635
-6.62688
-6.62774
-6.6286
-6.62946
-6.63066
-6.63187
-6.63276
-6.634
-6.63493
-6.63588
-6.63652
-6.63687
-6.63821
-6.63925
-6.64064
-6.64141
-6.64286
-6.64401
-6.64519
-6.64607
-6.64731
-6.64857
-6.64985
-6.65182
-6.65315
-6.65549
-6.65655
-6.65731
-6.65907
-6.66084
-6.66199
-6.66347
-6.66529
-6.6668
-6.66832
-6.6705
-6.6714
-6.67197
-6.67417
-6.67637
-6.67825
-6.67916
-6.68039
-6.68194
-6.68348
-6.68469
-6.68621
-6.68837
-6.69019
-6.69167
-6.69282
-6.69427
-6.69602
-6.69776
-6.69882
-6.70051
-6.70218
-6.70349
-6.70478
-6.70572
-6.70728
-6.70849
-6.70999
-6.71146
-6.71225
-6.71333
-6.71373
-6.71474
-6.71572
-6.71602
-6.71628
-6.7178
-6.71961
-6.72009
-6.72118
-6.72223
-6.72227
-6.72259
-6.72288
-6.72281
-6.72367
-6.72385
-6.72366
-6.72473
-6.72511
-6.72546
-6.72674
-6.72669
-6.72725
-6.72842
-6.7289
-6.72902
-6.72943
-6.7298
-6.72982
-6.7298
-6.72974
-6.72965
-6.72985
-6.73001
-6.72982
-6.72959
-6.72998
-6.72969
-6.72905
-6.7287
-6.72736
-6.72728
-6.72588
-6.72576
-6.72561
-6.72544
-6.72557
-6.72504
-6.72416
-6.72392
-6.72301
-6.72241
-6.72148
-6.72053
-6.72054
-6.7199
-6.71924
-6.71826
-6.71727
-6.7166
-6.71561
-6.71494
-6.71394
-6.71262
-6.71195
-6.71128
-6.71062
-6.71028
-6.70962
-6.70897
-6.70833
-6.70736
-6.70673
-6.70578
-6.70581
-6.70488
-6.70428
-6.70368
-6.70342
-6.70283
-6.7029
-6.70265
-6.70241
-6.70152
-6.70161
-6.70072
-6.70049
-6.69961
-6.69905
-6.69816
-6.69792
-6.69735
-6.6971
-6.69587
-6.69528
-6.69435
-6.69373
-6.69342
-6.69309
-6.6921
-6.69109
-6.69006
-6.68998
-6.68955
-6.68876
-6.68828
-6.68711
-6.68527
-6.68501
-6.68375
-6.68343
-6.68242
-6.68137
-6.67996
-6.67884
-6.67767
-6.67646
-6.67586
-6.67424
-6.67291
-6.6712
-6.66945
-6.66766
-6.66582
-6.66491
-6.66266
-6.66101
-6.659
-6.65728
-6.65583
-6.6537
-6.65185
-6.65094
-6.64805
-6.64609
-6.64378
-6.64175
-6.64035
-6.63794
-6.63551
-6.63338
-6.63089
-6.62774
-6.62554
-6.62268
-6.62077
-6.61918
-6.61692
-6.61433
-6.61239
-6.61076
-6.60913
-6.60686
-6.60523
-6.60297
-6.60103
-6.59943
-6.59752
-6.5953
-6.5931
-6.59124
-6.58875
-6.58662
-6.58418
-6.58209
-6.57971
-6.57769
-6.57602
-6.57407
-6.5715
-6.56962
-6.56842
-6.5663
-6.56486
-6.56314
-6.56114
-6.55983
-6.5589
-6.55736
-6.55489
-6.55345
-6.55237
-6.55102
-6.55004
-6.54814
-6.54661
-6.54513
-6.54337
-6.54295
-6.54258
-6.54193
-6.54035
-6.53979
-6.53895
-6.53913
-6.53805
-6.53734
-6.53667
-6.53604
-6.53479
-6.53424
-6.5334
-6.53227
-6.53215
-6.53174
-6.53072
-6.53005
-6.52942
-6.52914
-6.52857
-6.52803
-6.52784
-6.52768
-6.52755
-6.52712
-6.52737
-6.52732
-6.52698
-6.52666
-6.52638
-6.52644
-6.5275
-6.52763
-6.5281
-6.52861
-6.52947
-6.52939
-6.52935
-6.52966
-6.53033
-6.53071
-6.53113
-6.53127
-6.5321
-6.53296
-6.53323
-6.53321
-6.53357
-6.5343
-6.53508
-6.53624
-6.5368
-6.53806
-6.53873
-6.5401
-6.54088
-6.54205
-6.54327
-6.54456
-6.5459
-6.54763
-6.54942
-6.55063
-6.55254
-6.55452
-6.55656
-6.55801
-6.55952
-6.56044
-6.56207
-6.56343
-6.56614
-6.56858
-6.57075
-6.57296
-6.5749
-6.57721
-6.57955
-6.58258
-6.58533
-6.58778
-6.59058
-6.59309
-6.59529
-6.59783
-6.60006
-6.6023
-6.60487
-6.60744
-6.61001
-6.61257
-6.61577
-6.61766
-6.62018
-6.62235
-6.62384
-6.62628
-6.62932
-6.632
-6.63431
-6.63625
-6.63879
-6.64127
-6.64369
-6.6454
-6.64737
-6.64895
-6.6498
-6.65155
-6.65258
-6.65417
-6.65536
-6.65646
-6.65813
-6.65938
-6.66022
-6.66097
-6.6626
-6.66252
-6.66331
-6.66369
-6.6643
-6.66481
-6.66394
-6.66394
-6.6645
-6.66399
-6.66469
-6.66466
-6.66421
-6.664
-6.66403
-6.66333
-6.66255
-6.66266
-6.66205
-6.66071
-6.65996
-6.6601
-6.65921
-6.65857
-6.65723
-6.6568
-6.656
-6.65546
-6.65488
-6.65394
-6.65327
-6.65192
-6.65119
-6.64946
-6.6477
-6.64624
-6.64476
-6.64327
-6.64176
-6.64057
-6.63905
-6.63818
-6.63698
-6.63482
-6.63331
-6.63245
-6.63064
-6.62917
-6.62772
-6.62597
-6.6236
-6.62223
-6.62089
-6.6199
-6.61863
-6.61739
-6.6162
-6.61505
-6.61427
-6.61289
-6.61188
-6.61125
-6.61034
-6.60949
-6.60838
-6.60732
-6.60632
-6.6057
-6.60483
-6.60433
-6.6039
-6.60418
-6.60453
-6.60429
-6.6038
-6.60369
-6.60366
-6.60401
-6.60411
-6.6046
-6.60451
-6.60481
-6.6055
-6.60561
-6.60611
-6.607
-6.60795
-6.60832
-6.60876
-6.60991
-6.61014
-6.61044
-6.61112
-6.61154
-6.61234
-6.61319
-6.61443
-6.61604
-6.61739
-6.61943
-6.62087
-6.62302
-6.62489
-6.62616
-6.62844
-6.63045
-6.63153
-6.6333
-6.63478
-6.63792
-6.64013
-6.6414
-6.644
-6.64599
-6.64801
-6.65038
-6.65245
-6.65423
-6.65668
-6.65915
-6.66165
-6.66319
-6.66475
-6.66698
-6.6689
-6.6718
-6.67374
-6.67634
-6.6783
-6.68124
-6.68354
-6.68584
-6.68781
-6.68946
-6.69176
-6.69535
-6.69699
-6.69894
-6.70121
-6.70347
-6.70604
-6.70827
-6.71048
-6.71235
-6.7142
-6.71634
-6.71878
-6.72055
-6.72261
-6.72431
-6.7263
-6.72761
-6.72952
-6.73204
-6.7342
-6.73565
-6.73771
-6.73939
-6.74102
-6.74324
-6.7454
-6.74654
-6.74826
-6.74992
-6.75119
-6.75337
-6.75419
-6.75429
-6.75496
-6.75589
-6.75707
-6.75754
-6.75825
-6.75954
-6.7588
-6.75929
-6.75906
-6.75874
-6.759
-6.75885
-6.75863
-6.75865
-6.75859
-6.75846
-6.75792
-6.75763
-6.75694
-6.75683
-6.75632
-6.75541
-6.75475
-6.75371
-6.75291
-6.75206
-6.75048
-6.75014
-6.74909
-6.74831
-6.74747
-6.74592
-6.744
-6.74235
-6.74098
-6.73956
-6.73809
-6.73756
-6.73601
-6.73443
-6.73314
-6.73214
-6.73078
-6.72811
-6.72638
-6.72464
-6.72352
-6.72239
-6.71995
-6.71879
-6.71731
-6.71582
-6.71432
-6.71251
-6.71037
-6.70889
-6.70644
-6.704
-6.70255
-6.69982
-6.69873
-6.69798
-6.69595
-6.69395
-6.69294
-6.69132
-6.69037
-6.6888
-6.68727
-6.68576
-6.68526
-6.68351
-6.68178
-6.67946
-6.67781
-6.67653
-6.67561
-6.67441
-6.67325
-6.6718
-6.6704
-6.66936
-6.66803
-6.6674
-6.66616
-6.66463
-6.66411
-6.66428
-6.6632
-6.66313
-6.66244
-6.66211
-6.66117
-6.66058
-6.65971
-6.65918
-6.65836
-6.6579
-6.65745
-6.65638
-6.65663
-6.65626
-6.65589
-6.65522
-6.65424
-6.65424
-6.65456
-6.65392
-6.65426
-6.65329
-6.6533
-6.65298
-6.65264
-6.65197
-6.65129
-6.65092
-6.65052
-6.64978
-6.64966
-6.64952
-6.64869
-6.64784
-6.6476
-6.64733
-6.64669
-6.64602
-6.6453
-6.64487
-6.64407
-6.64322
-6.64232
-6.6417
-6.64007
-6.63935
-6.63762
-6.63649
-6.63595
-6.63504
-6.63409
-6.63212
-6.63107
-6.62997
-6.62851
-6.627
-6.62578
-6.62485
-6.62322
-6.62222
-6.62053
-6.61784
-6.61609
-6.61431
-6.61252
-6.61038
-6.60758
-6.60541
-6.60291
-6.60106
-6.5992
-6.59734
-6.59453
-6.59204
-6.59087
-6.58874
-6.5876
-6.58583
-6.5841
-6.58142
-6.57911
-6.57715
-6.57589
-6.57403
-6.57221
-6.5711
-6.56971
-6.56838
-6.56711
-6.56558
-6.56476
-6.56369
-6.56268
-6.56078
-6.56057
-6.55946
-6.55874
-6.55843
-6.5582
-6.55804
-6.55828
-6.55731
-6.55772
-6.55755
-6.55746
-6.55713
-6.55719
-6.55734
-6.55787
-6.55881
-6.55917
-6.55993
-6.56075
-6.56131
-6.56129
-6.56165
-6.56338
-6.56483
-6.5657
-6.56661
-6.56725
-6.56826
-6.56964
-6.57074
-6.57187
-6.57239
-6.57392
-6.57612
-6.5777
-6.57931
-6.58126
-6.5829
-6.58488
-6.58622
-6.5879
-6.5899
-6.59159
-6.59295
-6.5943
-6.59598
-6.59765
-6.59899
-6.59999
-6.6013
-6.60325
-6.60485
-6.60579
-6.60768
-6.60922
-6.61042
-6.61225
-6.61404
-6.61452
-6.61562
-6.61734
-6.61839
-6.61973
-6.62072
-6.62232
-6.62357
-6.62447
-6.62534
-6.62617
-6.62729
-6.62774
-6.62848
-6.62886
-6.62986
-6.63018
-6.63047
-6.63073
-6.63129
-6.63214
-6.63296
-6.63375
-6.63387
-6.63331
-6.6337
-6.63471
-6.63538
-6.63569
-6.63565
-6.63624
-6.63616
-6.63638
-6.6369
-6.63707
-6.6382
-6.6393
-6.63942
-6.63952
-6.63992
-6.63933
-6.63938
-6.63941
-6.63813
-6.63813
-6.63779
-6.63776
-6.63707
-6.63668
-6.63661
-6.63588
-6.63579
-6.63568
-6.63556
-6.6351
-6.63431
-6.63384
-6.634
-6.6335
-6.63331
-6.63311
-6.63257
-6.63235
-6.63213
-6.63156
-6.63067
-6.63041
-6.63015
-6.63117
-6.63057
-6.62963
-6.62869
-6.62839
-6.62808
-6.62777
-6.62745
-6.62713
-6.62713
-6.62647
-6.62614
-6.62548
-6.62514
-6.62512
-6.62478
-6.62509
-6.62571
-6.62473
-6.62439
-6.62405
-6.62371
-6.6237
-6.6237
-6.62338
-6.62274
-6.62244
-6.62182
-6.62153
-6.62159
-6.6223
-6.62173
-6.62118
-6.62096
-6.62077
-6.62027
-6.62012
-6.62031
-6.61988
-6.62012
-6.61974
-6.62004
-6.62004
-6.61974
-6.62012
-6.62118
-6.62034
-6.62049
-6.62101
-6.62157
-6.62119
-6.6215
-6.62152
-6.62158
-6.622
-6.62279
-6.62297
-6.62318
-6.62312
-6.62374
-6.62472
-6.62509
-6.62615
-6.6266
-6.62741
-6.62825
-6.6288
-6.63004
-6.6313
-6.63228
-6.63329
-6.63432
-6.63571
-6.63712
-6.6379
-6.63968
-6.64148
-6.64233
-6.64351
-6.64439
-6.64561
-6.64683
-6.64806
-6.64897
-6.64989
-6.65178
-6.65303
-6.65362
-6.65486
-6.65577
-6.65699
-6.65886
-6.66039
-6.66126
-6.66309
-6.66426
-6.66541
-6.66654
-6.66701
-6.66811
-6.66854
-6.66992
-6.67095
-6.67197
-6.67328
-6.6736
-6.67455
-6.67482
-6.6754
-6.6766
-6.67746
-6.67797
-6.67878
-6.68022
-6.68098
-6.68238
-6.68278
-6.68381
-6.6845
-6.68517
-6.6855
-6.68581
-6.68676
-6.68705
-6.68829
-6.68889
-6.68914
-6.68939
-6.68931
-6.68987
-6.69011
-6.69034
-6.69025
-6.69113
-6.69169
-6.69192
-6.69281
-6.6937
-6.69329
-6.69387
-6.69413
-6.69471
-6.69563
-6.69623
-6.69651
-6.69777
-6.69839
-6.69901
-6.69964
-6.69995
-6.70058
-6.70186
-6.7025
-6.70248
-6.70312
-6.70375
-6.70437
-6.70563
-6.70591
-6.70683
-6.7074
-6.70796
-6.7085
-6.70902
-6.7095
-6.70996
-6.71039
-6.71078
-6.71146
-6.71209
-6.71269
-6.71388
-6.71373
-6.71385
-6.71424
-6.71327
-6.71322
-6.71309
-6.71355
-6.71394
-6.71393
-6.71352
-6.71368
-6.71311
-6.71182
-6.71044
-6.70963
-6.70841
-6.70709
-6.70569
-6.70485
-6.7036
-6.70258
-6.70115
-6.6993
-6.69769
-6.69566
-6.6942
-6.69232
-6.69035
-6.68797
-6.68584
-6.6833
-6.68067
-6.67862
-6.67552
-6.67267
-6.6704
-6.66806
-6.66533
-6.66286
-6.65969
-6.65646
-6.65383
-6.65115
-6.64811
-6.64502
-6.6419
-6.63843
-6.63558
-6.63205
-6.62754
-6.62463
-6.62139
-6.61879
-6.61587
-6.6123
-6.60842
-6.60487
-6.60101
-6.5975
-6.59467
-6.59153
-6.58844
-6.5857
-6.58268
-6.57971
-6.57646
-6.57359
-6.57045
-6.56802
-6.5663
-6.56399
-6.56046
-6.55798
-6.55556
-6.5529
-6.55032
-6.54847
-6.54605
-6.54404
-6.54179
-6.53963
-6.53755
-6.53589
-6.53399
-6.53251
-6.53111
-6.52981
-6.5286
-6.52683
-6.52579
-6.52485
-6.52432
-6.52419
-6.52384
-6.52324
-6.52241
-6.52231
-6.52197
-6.52236
-6.52218
-6.52208
-6.52238
-6.5221
-6.5219
-6.52242
-6.52301
-6.52368
-6.52376
-6.52423
-6.52509
-6.52504
-6.5257
-6.52642
-6.5272
-6.52803
-6.52796
-6.52891
-6.52992
-6.53098
-6.53242
-6.53424
-6.53546
-6.53608
-6.53708
-6.54039
-6.54149
-6.54296
-6.54447
-6.547
-6.54894
-6.55027
-6.55197
-6.55339
-6.55485
-6.55797
-6.55984
-6.56174
-6.56304
-6.56502
-6.56769
-6.56974
-6.5715
-6.57394
-6.57641
-6.57858
-6.58045
-6.58202
-6.58459
-6.58684
-6.58879
-6.59108
-6.5937
-6.59536
-6.59799
-6.59965
-6.60197
-6.6046
-6.60658
-6.60888
-6.61116
-6.61376
-6.61569
-6.61727
-6.61981
-6.62231
-6.62414
-6.62626
-6.62867
-6.63103
-6.63304
-6.63532
-6.63821
-6.64008
-6.64222
-6.64366
-6.64537
-6.64605
-6.64797
-6.64918
-6.65034
-6.65176
-6.65343
-6.65472
-6.65595
-6.65678
-6.65787
-6.65856
-6.65919
-6.66008
-6.66089
-6.66228
-6.66296
-6.66389
-6.66541
-6.66588
-6.66629
-6.66663
-6.66689
-6.66677
-6.66691
-6.6673
-6.66698
-6.66724
-6.66712
-6.66661
-6.66668
-6.66669
-6.66664
-6.66652
-6.6657
-6.66515
-6.66421
-6.66322
-6.66185
-6.66075
-6.65993
-6.65905
-6.65844
-6.65714
-6.65676
-6.65503
-6.65391
-6.6521
-6.65122
-6.65029
-6.64868
-6.64736
-6.64632
-6.64525
-6.64415
-6.64237
-6.6412
-6.63969
-6.63783
-6.63659
-6.63502
-6.63342
-6.63246
-6.63084
-6.62953
-6.62822
-6.62561
-6.62396
-6.62232
-6.62068
-6.61937
-6.61742
-6.61581
-6.61454
-6.61296
-6.61108
-6.60923
-6.60772
-6.60592
-6.60448
-6.60307
-6.60171
-6.59974
-6.59911
-6.59723
-6.59637
-6.59557
-6.5945
-6.59284
-6.59222
-6.59133
-6.59116
-6.59008
-6.58908
-6.5875
-6.58664
-6.58586
-6.58581
-6.58583
-6.58496
-6.5845
-6.58477
-6.5848
-6.5846
-6.58447
-6.58508
-6.58643
-6.58689
-6.58808
-6.58806
-6.58878
-6.58991
-6.59015
-6.59144
-6.59379
-6.59396
-6.5955
-6.5968
-6.59817
-6.59865
-6.59953
-6.60016
-6.60151
-6.60325
-6.60505
-6.6066
-6.60917
-6.61181
-6.6145
-6.61659
-6.61873
-6.62091
-6.6225
-6.62541
-6.62739
-6.6294
-6.63144
-6.63351
-6.63688
-6.63931
-6.64143
-6.64453
-6.64731
-6.65009
-6.65319
-6.65629
-6.65905
-6.66051
-6.66324
-6.66563
-6.66865
-6.67066
-6.67394
-6.67654
-6.6791
-6.68162
-6.68409
-6.68619
-6.68825
-6.69025
-6.69219
-6.69376
-6.69559
-6.69736
-6.69938
-6.7007
-6.70195
-6.70378
-6.70489
-6.70626
-6.70789
-6.70912
-6.71028
-6.71104
-6.71206
-6.71398
-6.71519
-6.71536
-6.7161
-6.71646
-6.7174
-6.71762
-6.71876
-6.71887
-6.71956
-6.72019
-6.72012
-6.72064
-6.72079
-6.72088
-6.72092
-6.72091
-6.72118
-6.72173
-6.72224
-6.72173
-6.72215
-6.72254
-6.72223
-6.72189
-6.72151
-6.72045
-6.71968
-6.71887
-6.71835
-6.7178
-6.71688
-6.71594
-6.71561
-6.71427
-6.71452
-6.71312
-6.71136
-6.71054
-6.70904
-6.70815
-6.70723
-6.70659
-6.70625
-6.70489
-6.70383
-6.70273
-6.70127
-6.70075
-6.69986
-6.69829
-6.69669
-6.69537
-6.69402
-6.69199
-6.6896
-6.68814
-6.68698
-6.68513
-6.68357
-6.68165
-6.68067
-6.67934
-6.67766
-6.67595
-6.67356
-6.67179
-6.67031
-6.66785
-6.66665
-6.66511
-6.66355
-6.66165
-6.6594
-6.65714
-6.65518
-6.65257
-6.64995
-6.64764
-6.64565
-6.64268
-6.641
-6.63867
-6.63732
-6.63533
-6.63367
-6.63136
-6.62939
-6.62744
-6.62549
-6.62324
-6.62132
-6.61943
-6.61724
-6.61507
-6.61292
-6.61178
-6.60904
-6.60764
-6.60594
-6.60428
-6.6033
-6.60171
-6.60016
-6.59963
-6.59849
-6.59738
-6.59536
-6.59402
-6.59305
-6.5918
-6.59092
-6.59009
-6.58833
-6.58726
-6.58623
-6.58526
-6.584
-6.58343
-6.58226
-6.58178
-6.58134
-6.58094
-6.5796
-6.57863
-6.5777
-6.5768
-6.57691
-6.57673
-6.57625
-6.57516
-6.57345
-6.57306
-6.57269
-6.57268
-6.57236
-6.57206
-6.5721
-6.57184
-6.57127
-6.57071
-6.57049
-6.57061
-6.57074
-6.57023
-6.57006
-6.56989
-6.56941
-6.56926
-6.5688
-6.56899
-6.56855
-6.56908
-6.56832
-6.5679
-6.56652
-6.56644
-6.56572
-6.56598
-6.56561
-6.56526
-6.56556
-6.56556
-6.56558
-6.56561
-6.56599
-6.56509
-6.56552
-6.565
-6.56483
-6.56501
-6.56523
-6.56548
-6.56609
-6.56609
-6.56646
-6.56654
-6.56732
-6.56782
-6.56836
-6.56927
-6.56959
-6.57028
-6.57102
-6.57181
-6.57266
-6.57324
-6.57419
-6.5752
-6.57594
-6.57674
-6.57792
-6.5785
-6.58044
-6.58146
-6.58286
-6.5843
-6.58548
-6.58671
-6.58864
-6.59029
-6.59199
-6.59309
-6.5952
-6.59736
-6.59826
-6.59986
-6.60246
-6.60445
-6.60712
-6.60918
-6.61095
-6.61372
-6.61587
-6.61837
-6.62089
-6.62279
-6.62568
-6.62827
-6.63055
-6.63349
-6.63645
-6.63877
-6.64143
-6.64377
-6.64645
-6.6488
-6.65149
-6.65386
-6.65655
-6.65892
-6.66226
-6.66528
-6.66829
-6.67001
-6.67302
-6.67473
-6.6774
-6.68007
-6.6824
-6.68439
-6.68702
-6.68964
-6.69256
-6.69515
-6.6974
-6.69996
-6.70152
-6.70339
-6.70491
-6.70738
-6.71047
-6.71224
-6.71367
-6.71603
-6.71805
-6.72067
-6.72327
-6.72485
-6.7264
-6.72792
-6.72972
-6.73147
-6.73318
-6.73452
-6.73647
-6.73804
-6.73988
-6.742
-6.74309
-6.74412
-6.74542
-6.74731
-6.74817
-6.74928
-6.75033
-6.75099
-6.75223
-6.75211
-6.75289
-6.75424
-6.75455
-6.75511
-6.75559
-6.75631
-6.75728
-6.7572
-6.75705
-6.75778
-6.75811
-6.75706
-6.75787
-6.75698
-6.75634
-6.75626
-6.75447
-6.7539
-6.75325
-6.7522
-6.75138
-6.75049
-6.74887
-6.7475
-6.74605
-6.74517
-6.74358
-6.74256
-6.7418
-6.74098
-6.73945
-6.73785
-6.73555
-6.73417
-6.73306
-6.73125
-6.7294
-6.72783
-6.7259
-6.72232
-6.72066
-6.71831
-6.71595
-6.71389
-6.71182
-6.70974
-6.7083
-6.70621
-6.70413
-6.70237
-6.70062
-6.69856
-6.69685
-6.6958
-6.69316
-6.69152
-6.68926
-6.68672
-6.68486
-6.68337
-6.68159
-6.67953
-6.67817
-6.67686
-6.6756
-6.67439
-6.67259
-6.6715
-6.67045
-6.66947
-6.66821
-6.66734
-6.66685
-6.66481
-6.66282
-6.66186
-6.66031
-6.65882
-6.6577
-6.65664
-6.65564
-6.65533
-6.65474
-6.65453
-6.65372
-6.65359
-6.65319
-6.6525
-6.65249
-6.65285
-6.65259
-6.65268
-6.65248
-6.65198
-6.6515
-6.65234
-6.65255
-6.65213
-6.6527
-6.65263
-6.65225
-6.65219
-6.65116
-6.65111
-6.65106
-6.65165
-6.65126
-6.65151
-6.65142
-6.65197
-6.65186
-6.65141
-6.65126
-6.65077
-6.6509
-6.65068
-6.65011
-6.64984
-6.65018
-6.64953
-6.64851
-6.64811
-6.64767
-6.64785
-6.64734
-6.64679
-6.64555
-6.64525
-6.6449
-6.64386
-6.64376
-6.64264
-6.64212
-6.64059
-6.63967
-6.6387
-6.63801
-6.63728
-6.63619
-6.6357
-6.63419
-6.63298
-6.6314
-6.63011
-6.62878
-6.62774
-6.62635
-6.62492
-6.62346
-6.62262
-6.62111
-6.61991
-6.61803
-6.61614
-6.6152
-6.61392
-6.61231
-6.61036
-6.60906
-6.60743
-6.6058
-6.60384
-6.60222
-6.60028
-6.59932
-6.59772
-6.5955
-6.59393
-6.59239
-6.59056
-6.58874
-6.58728
-6.58553
-6.58414
-6.58375
-6.5821
-6.58082
-6.57926
-6.57806
-6.57724
-6.57613
-6.5754
-6.57439
-6.57375
-6.57285
-6.57199
-6.57086
-6.5701
-6.56907
-6.56875
-6.56847
-6.56728
-6.56678
-6.56601
-6.56529
-6.56462
-6.56367
-6.56342
-6.56354
-6.56306
-6.56262
-6.56288
-6.56285
-6.56253
-6.56226
-6.56202
-6.56279
-6.56326
-6.5628
-6.56366
-6.5639
-6.56514
-6.56511
-6.56543
-6.56609
-6.56612
-6.56649
-6.56591
-6.56566
-6.5664
-6.56715
-6.56758
-6.56803
-6.5688
-6.56958
-6.57037
-6.57051
-6.57194
-6.57209
-6.57255
-6.57237
-6.57283
-6.57328
-6.57373
-6.57353
-6.57397
-6.57408
-6.57419
-6.57428
-6.57405
-6.57445
-6.57485
-6.57524
-6.57529
-6.57599
-6.57635
-6.5767
-6.57704
-6.57737
-6.57736
-6.57734
-6.57829
-6.57825
-6.57852
-6.57846
-6.57839
-6.57929
-6.57985
-6.58072
-6.58061
-6.58147
-6.58199
-6.58186
-6.58204
-6.58221
-6.5827
-6.58254
-6.58269
-6.58381
-6.58427
-6.5844
-6.5842
-6.58432
-6.58314
-6.58325
-6.58303
-6.58345
-6.58258
-6.58235
-6.58212
-6.58286
-6.58328
-6.58369
-6.58314
-6.58226
-6.58236
-6.58278
-6.58288
-6.58299
-6.58277
-6.58256
-6.58269
-6.58281
-6.58327
-6.58439
-6.58486
-6.58503
-6.58488
-6.58506
-6.58461
-6.58482
-6.58472
-6.58528
-6.58586
-6.58645
-6.58642
-6.5864
-6.58704
-6.58705
-6.58676
-6.58779
-6.58786
-6.58828
-6.58839
-6.58918
-6.58933
-6.58952
-6.58972
-6.59092
-6.5915
-6.59243
-6.59305
-6.59338
-6.59406
-6.59411
-6.59484
-6.59526
-6.59604
-6.59749
-6.59767
-6.5982
-6.59908
-6.59998
-6.60091
-6.60187
-6.60188
-6.60256
-6.60359
-6.6053
-6.60605
-6.60618
-6.60699
-6.60781
-6.60866
-6.60985
-6.61042
-6.61165
-6.61356
-6.61484
-6.61646
-6.61809
-6.62008
-6.62207
-6.62376
-6.62514
-6.62654
-6.62763
-6.62905
-6.63114
-6.63226
-6.63372
-6.63551
-6.6373
-6.63943
-6.64124
-6.64274
-6.64391
-6.64476
-6.64627
-6.64777
-6.6496
-6.65142
-6.65324
-6.65441
-6.6559
-6.65835
-6.65949
-6.66128
-6.66306
-6.66482
-6.66658
-6.66831
-6.67004
-6.67044
-6.67148
-6.67347
-6.67479
-6.67577
-6.67672
-6.67829
-6.67918
-6.6807
-6.68251
-6.68397
-6.68475
-6.68647
-6.68783
-6.68852
-6.68917
-6.69108
-6.69199
-6.69383
-6.69499
-6.69547
-6.69624
-6.69697
-6.69831
-6.698
-6.69895
-6.69986
-6.70042
-6.70094
-6.70142
-6.70219
-6.7026
-6.70298
-6.70365
-6.70396
-6.70489
-6.70513
-6.7047
-6.70521
-6.70536
-6.70516
-6.70525
-6.70596
-6.70534
-6.70534
-6.70467
-6.70493
-6.70517
-6.70505
-6.7049
-6.70537
-6.70678
-6.70719
-6.70661
-6.70631
-6.70598
-6.70562
-6.70457
-6.70479
-6.70432
-6.70382
-6.70296
-6.70271
-6.70145
-6.70015
-6.69946
-6.69841
-6.69699
-6.69585
-6.69499
-6.69377
-6.69282
-6.69248
-6.69177
-6.69101
-6.68924
-6.68775
-6.68718
-6.68625
-6.68462
-6.68328
-6.68221
-6.68046
-6.67866
-6.67747
-6.6756
-6.67369
-6.67271
-6.67105
-6.66904
-6.66732
-6.66493
-6.66283
-6.66103
-6.65954
-6.65802
-6.65617
-6.65431
-6.65276
-6.64991
-6.64804
-6.64616
-6.64396
-6.64145
-6.63959
-6.63678
-6.63495
-6.63315
-6.63169
-6.62993
-6.62821
-6.62652
-6.62519
-6.62422
-6.62233
-6.6208
-6.61932
-6.61693
-6.61621
-6.61457
-6.61331
-6.61211
-6.61065
-6.60957
-6.60887
-6.60792
-6.60703
-6.60589
-6.60513
-6.60412
-6.6035
-6.60392
-6.60344
-6.60238
-6.60172
-6.60145
-6.60189
-6.60176
-6.60169
-6.60168
-6.60175
-6.60219
-6.60206
-6.60199
-6.60263
-6.60301
-6.6041
-6.60395
-6.60418
-6.60479
-6.6061
-6.60682
-6.60759
-6.60841
-6.60895
-6.61018
-6.61082
-6.6115
-6.61223
-6.61364
-6.61509
-6.61658
-6.61778
-6.61836
-6.62027
-6.62156
-6.62256
-6.6239
-6.62527
-6.62666
-6.62807
-6.62982
-6.63094
-6.6324
-6.63419
-6.6347
-6.63651
-6.63767
-6.63885
-6.64002
-6.64217
-6.64399
-6.64548
-6.64794
-6.64878
-6.65024
-6.65138
-6.65314
-6.65489
-6.65662
-6.65801
-6.65906
-6.6604
-6.66172
-6.66301
-6.66427
-6.6655
-6.66604
-6.66753
-6.66834
-6.66944
-6.6705
-6.67152
-6.67251
-6.67346
-6.6747
-6.67622
-6.67673
-6.67721
-6.67733
-6.67838
-6.67939
-6.67973
-6.68035
-6.68126
-6.68181
-6.68135
-6.6812
-6.68165
-6.68208
-6.68248
-6.68253
-6.68321
-6.68385
-6.68416
-6.68444
-6.6847
-6.68494
-6.68485
-6.68506
-6.68494
-6.68611
-6.68564
-6.68615
-6.68664
-6.68714
-6.68763
-6.68747
-6.68796
-6.68813
-6.68895
-6.68945
-6.68931
-6.68949
-6.68969
-6.69053
-6.69074
-6.6916
-6.69182
-6.6914
-6.69196
-6.69286
-6.69408
-6.69435
-6.69462
-6.6949
-6.69519
-6.69614
-6.69644
-6.6961
-6.69608
-6.69705
-6.69736
-6.69768
-6.69897
-6.69896
-6.69928
-6.69992
-6.70022
-6.70117
-6.70147
-6.70143
-6.70235
-6.70197
-6.7019
-6.70214
-6.70366
-6.70387
-6.70406
-6.70488
-6.70374
-6.70387
-6.70397
-6.7034
-6.70312
-6.70347
-6.70346
-6.7031
-6.7027
-6.70259
-6.70213
-6.70195
-6.70173
-6.7018
-6.70085
-6.70052
-6.70014
-6.69972
-6.69926
-6.69843
-6.69852
-6.69792
-6.69727
-6.69658
-6.69584
-6.69504
-6.69453
-6.69332
-6.69271
-6.69204
-6.69069
-6.68992
-6.68846
-6.6876
-6.68701
-6.68638
-6.68342
-6.68204
-6.68093
-6.67881
-6.67728
-6.67537
-6.67407
-6.67272
-6.67067
-6.6689
-6.66709
-6.66523
-6.66268
-6.66106
-6.65875
-6.65706
-6.65468
-6.65194
-6.64916
-6.64732
-6.64512
-6.64225
-6.63935
-6.63772
-6.6351
-6.63278
-6.63011
-6.62775
-6.62506
-6.62267
-6.61996
-6.61691
-6.61451
-6.61147
-6.60971
-6.60732
-6.60558
-6.6032
-6.60052
-6.59818
-6.5965
-6.59453
-6.59226
-6.58906
-6.58686
-6.58469
-6.58257
-6.58082
-6.57814
-6.57681
-6.57522
-6.57368
-6.57252
-6.57078
-6.56943
-6.56783
-6.56565
-6.56484
-6.56249
-6.56118
-6.55996
-6.55947
-6.55841
-6.55744
-6.55656
-6.55545
-6.55539
-6.55413
-6.55361
-6.55319
-6.55351
-6.55327
-6.55312
-6.55371
-6.55408
-6.55388
-6.55378
-6.55441
-6.55481
-6.55465
-6.55522
-6.55652
-6.55791
-6.55841
-6.55932
-6.56029
-6.56102
-6.56215
-6.56335
-6.56364
-6.56497
-6.56571
-6.56716
-6.56899
-6.56958
-6.57086
-6.57285
-6.5752
-6.57662
-6.57841
-6.5799
-6.58176
-6.58364
-6.58587
-6.5878
-6.58943
-6.59173
-6.59339
-6.59538
-6.59738
-6.60003
-6.60171
-6.60307
-6.60442
-6.60706
-6.60904
-6.61166
-6.61361
-6.61456
-6.61647
-6.61802
-6.61955
-6.62137
-6.62315
-6.6249
-6.62725
-6.62892
-6.63086
-6.6334
-6.6346
-6.63608
-6.63815
-6.63919
-6.64017
-6.64109
-6.64228
-6.64437
-6.64543
-6.64675
-6.64832
-6.64918
-6.64996
-6.65035
-6.65131
-6.6522
-6.65302
-6.6528
-6.65314
-6.65374
-6.65393
-6.65406
-6.65379
-6.65474
-6.65464
-6.65447
-6.65359
-6.65328
-6.65322
-6.65213
-6.65064
-6.65007
-6.64942
-6.64839
-6.6473
-6.64582
-6.64526
-6.64368
-6.64334
-6.64198
-6.6409
-6.6401
-6.63894
-6.63806
-6.6365
-6.63523
-6.63393
-6.63261
-6.63191
-6.63055
-6.62917
-6.62778
-6.6254
-6.62335
-6.62161
-6.61988
-6.61815
-6.61805
-6.61698
-6.61593
-6.61424
-6.6129
-6.61157
-6.60962
-6.60834
-6.60741
-6.60618
-6.60531
-6.60382
-6.60301
-6.60159
-6.60053
-6.5995
-6.59916
-6.59756
-6.59664
-6.59577
-6.59493
-6.59445
-6.59401
-6.59329
-6.59325
-6.59357
-6.59263
-6.59205
-6.59151
-6.59132
-6.59083
-6.59038
-6.58995
-6.58923
-6.58885
-6.58785
-6.58719
-6.58721
-6.58691
-6.58696
-6.5867
-6.58644
-6.58685
-6.58694
-6.58639
-6.58649
-6.58659
-6.58669
-6.58712
-6.58689
-6.58634
-6.58578
-6.58521
-6.58495
-6.58534
-6.58506
-6.58509
-6.58413
-6.58444
-6.58377
-6.58438
-6.58398
-6.58357
-6.58378
-6.58428
-6.58315
-6.5823
-6.58176
-6.5815
-6.58025
-6.57896
-6.5783
-6.57759
-6.57718
-6.57674
-6.57594
-6.57575
-6.57455
-6.57397
-6.57336
-6.57239
-6.57138
-6.57002
-6.56927
-6.56817
-6.56703
-6.56619
-6.56532
-6.56409
-6.56283
-6.56187
-6.56121
-6.5602
-6.55884
-6.55713
-6.5554
-6.55397
-6.55253
-6.55074
-6.54959
-6.5481
-6.54595
-6.54412
-6.54293
-6.54108
-6.53956
-6.53771
-6.53554
-6.53304
-6.53153
-6.5297
-6.5282
-6.52704
-6.52525
-6.52347
-6.52172
-6.52031
-6.51828
-6.51693
-6.51528
-6.51334
-6.51209
-6.51087
-6.51001
-6.50887
-6.50778
-6.50641
-6.50509
-6.50382
-6.50325
-6.50209
-6.50163
-6.50091
-6.5009
-6.49999
-6.49946
-6.49901
-6.49862
-6.49798
-6.49774
-6.49757
-6.49748
-6.49747
-6.49851
-6.49899
-6.49922
-6.49954
-6.49994
-6.50011
-6.50036
-6.50102
-6.50209
-6.50293
-6.50354
-6.50424
-6.50567
-6.50785
-6.50914
-6.51053
-6.51201
-6.51325
-6.51459
-6.51633
-6.51817
-6.5201
-6.52179
-6.52421
-6.52608
-6.52836
-6.53039
-6.53251
-6.53536
-6.53828
-6.54064
-6.54372
-6.5472
-6.55011
-6.55373
-6.5571
-6.56021
-6.56339
-6.5663
-6.56959
-6.57294
-6.57602
-6.57851
-6.58233
-6.58588
-6.58915
-6.59277
-6.59644
-6.60014
-6.60355
-6.6073
-6.61141
-6.61489
-6.61871
-6.62255
-6.62672
-6.63025
-6.63411
-6.63798
-6.64184
-6.6457
-6.64988
-6.65372
-6.65788
-6.66169
-6.66516
-6.66893
-6.67202
-6.67509
-6.67877
-6.68275
-6.68604
-6.68928
-6.69217
-6.69501
-6.69975
-6.70379
-6.70745
-6.71203
-6.71494
-6.71811
-6.72121
-6.72425
-6.72755
-6.73045
-6.73393
-6.73637
-6.73906
-6.742
-6.74389
-6.74634
-6.7484
-6.75101
-6.7529
-6.7547
-6.75738
-6.759
-6.76087
-6.76264
-6.76465
-6.76592
-6.76677
-6.76915
-6.77015
-6.77073
-6.77186
-6.77322
-6.77449
-6.77437
-6.77513
-6.77548
-6.77638
-6.77686
-6.77758
-6.77755
-6.77777
-6.7779
-6.77794
-6.77821
-6.77776
-6.77754
-6.77757
-6.77622
-6.77609
-6.77556
-6.77495
-6.7746
-6.77417
-6.77335
-6.77247
-6.77152
-6.77051
-6.76944
-6.76831
-6.76713
-6.76622
-6.76428
-6.76263
-6.76125
-6.76016
-6.75871
-6.75754
-6.75602
-6.75479
-6.75288
-6.75128
-6.74868
-6.74801
-6.74635
-6.74435
-6.74332
-6.7413
-6.73929
-6.73889
-6.73784
-6.73646
-6.73413
-6.73179
-6.72979
-6.72813
-6.72615
-6.72516
-6.72322
-6.72194
-6.72003
-6.71783
-6.71727
-6.71576
-6.71427
-6.71281
-6.71138
-6.70965
-6.70828
-6.70661
-6.70529
-6.704
-6.7021
-6.70055
-6.7
-6.69884
-6.6977
-6.69692
-6.69584
-6.6948
-6.69378
-6.69278
-6.69246
-6.69151
-6.69027
-6.68776
-6.68689
-6.68539
-6.68423
-6.68309
-6.68294
-6.68216
-6.68171
-6.68096
-6.68086
-6.67979
-6.67906
-6.67801
-6.67729
-6.67657
-6.67618
-6.67578
-6.67571
-6.67531
-6.67522
-6.67416
-6.67374
-6.67395
-6.67318
-6.67305
-6.67225
-6.67176
-6.67093
-6.66975
-6.66888
-6.66734
-6.66675
-6.66581
-6.66485
-6.66386
-6.66285
-6.66213
-6.66074
-6.65933
-6.65853
-6.65771
-6.65719
-6.65599
-6.65347
-6.65222
-6.65094
-6.64932
-6.648
-6.646
-6.64464
-6.64293
-6.64153
-6.63978
-6.63802
-6.63528
-6.63383
-6.63204
-6.63122
-6.6304
-6.62894
-6.62748
-6.62537
-6.6236
-6.62281
-6.62075
-6.61934
-6.61764
-6.61595
-6.61462
-6.61364
-6.61236
-6.61113
-6.60992
-6.60909
-6.60796
-6.60689
-6.60585
-6.60454
-6.60361
-6.60337
-6.60124
-6.60046
-6.60006
-6.59938
-6.59941
-6.5995
-6.59899
-6.59756
-6.59715
-6.59679
-6.59648
-6.5959
-6.596
-6.59583
-6.59569
-6.59528
-6.59554
-6.59519
-6.59584
-6.5962
-6.59593
-6.59666
-6.59676
-6.59656
-6.59669
-6.59715
-6.59729
-6.59712
-6.59727
-6.59678
-6.5966
-6.59739
-6.59687
-6.59667
-6.59678
-6.59623
-6.59663
-6.59669
-6.59673
-6.59611
-6.59579
-6.59577
-6.59573
-6.59566
-6.5959
-6.59611
-6.59629
-6.59581
-6.5953
-6.59445
-6.59423
-6.59333
-6.59274
-6.59278
-6.59215
-6.59183
-6.59182
-6.59148
-6.59079
-6.59107
-6.59101
-6.59127
-6.5912
-6.59079
-6.59007
-6.58933
-6.58925
-6.58884
-6.58844
-6.58804
-6.58764
-6.58724
-6.58653
-6.58583
-6.58546
-6.5851
-6.5854
-6.58507
-6.58475
-6.58541
-6.58479
-6.58419
-6.58329
-6.58337
-6.58314
-6.58293
-6.58274
-6.58224
-6.58209
-6.58228
-6.58346
-6.58304
-6.58297
-6.58324
-6.58321
-6.58352
-6.58288
-6.58227
-6.582
-6.58111
-6.58121
-6.58133
-6.58115
-6.58099
-6.58117
-6.58138
-6.5816
-6.5825
-6.58374
-6.58468
-6.58564
-6.58662
-6.58664
-6.58637
-6.58676
-6.58782
-6.58792
-6.58804
-6.58883
-6.58964
-6.59046
-6.59098
-6.59087
-6.59142
-6.59198
-6.59288
-6.59314
-6.59375
-6.59436
-6.59531
-6.59627
-6.59756
-6.5979
-6.59856
-6.59924
-6.59992
-6.60093
-6.60163
-6.60169
-6.6024
-6.60376
-6.60448
-6.6052
-6.60593
-6.60698
-6.60675
-6.60716
-6.60758
-6.608
-6.60875
-6.6095
-6.61057
-6.61132
-6.61239
-6.61347
-6.61422
-6.61465
-6.6154
-6.6168
-6.61885
-6.61929
-6.62166
-6.62242
-6.62349
-6.62425
-6.625
-6.62575
-6.6265
-6.62725
-6.62734
-6.62776
-6.62818
-6.62892
-6.62965
-6.63103
-6.63143
-6.63183
-6.63158
-6.63262
-6.63301
-6.63339
-6.63409
-6.63544
-6.63612
-6.63681
-6.6378
-6.63783
-6.63913
-6.63947
-6.64044
-6.6414
-6.64236
-6.64331
-6.64458
-6.64487
-6.64515
-6.64574
-6.6473
-6.64756
-6.64878
-6.64935
-6.64991
-6.65079
-6.65069
-6.65123
-6.65177
-6.65262
-6.65218
-6.65238
-6.65225
-6.65277
-6.65329
-6.6551
-6.65561
-6.6558
-6.65664
-6.65715
-6.65767
-6.65721
-6.65837
-6.65889
-6.65974
-6.66026
-6.66079
-6.661
-6.66121
-6.66175
-6.66229
-6.66316
-6.66274
-6.66395
-6.66451
-6.66572
-6.66597
-6.6659
-6.66584
-6.66578
-6.66702
-6.66827
-6.66887
-6.66948
-6.66976
-6.66973
-6.67067
-6.67161
-6.67256
-6.67318
-6.67348
-6.67378
-6.67408
-6.6747
-6.67499
-6.67528
-6.67589
-6.67552
-6.67578
-6.67701
-6.67694
-6.67653
-6.67805
-6.67826
-6.67878
-6.67896
-6.67911
-6.67892
-6.67935
-6.67944
-6.68047
-6.68082
-6.68211
-6.68239
-6.68232
-6.68285
-6.68302
-6.68283
-6.68291
-6.68263
-6.68294
-6.68224
-6.68278
-6.68262
-6.68175
-6.6818
-6.68212
-6.68173
-6.68128
-6.68142
-6.6802
-6.67957
-6.67952
-6.67844
-6.67794
-6.67738
-6.67675
-6.67573
-6.67465
-6.6748
-6.67359
-6.672
-6.67035
-6.66928
-6.66816
-6.66633
-6.6651
-6.66413
-6.66215
-6.66076
-6.65901
-6.65688
-6.65536
-6.65348
-6.65156
-6.64993
-6.64763
-6.64562
-6.64326
-6.63991
-6.63817
-6.63641
-6.63367
-6.63158
-6.62818
-6.62608
-6.62431
-6.62222
-6.62047
-6.61776
-6.61605
-6.61435
-6.61236
-6.61137
-6.60944
-6.60755
-6.60538
-6.60359
-6.60184
-6.59982
-6.59818
-6.5966
-6.59541
-6.59364
-6.59227
-6.59129
-6.59008
-6.58926
-6.58822
-6.58596
-6.5851
-6.58433
-6.58496
-6.58472
-6.58426
-6.58391
-6.58464
-6.58452
-6.58483
-6.58462
-6.58485
-6.58488
-6.58601
-6.58726
-6.58798
-6.58917
-6.59015
-6.59094
-6.59283
-6.5942
-6.59602
-6.59765
-6.59909
-6.60097
-6.60362
-6.60575
-6.60703
-6.60907
-6.61156
-6.61383
-6.61621
-6.61902
-6.62194
-6.62527
-6.6287
-6.63157
-6.63517
-6.63821
-6.64164
-6.64514
-6.64903
-6.65233
-6.65568
-6.65876
-6.66285
-6.66632
-6.67015
-6.67466
-6.67885
-6.68274
-6.68662
-6.69116
-6.69504
-6.69891
-6.70276
-6.70626
-6.7107
-6.71478
-6.7185
-6.72184
-6.72513
-6.72836
-6.73218
-6.7356
-6.73927
-6.74254
-6.74573
-6.74883
-6.75184
-6.75541
-6.75822
-6.75996
-6.7629
-6.76507
-6.76713
-6.7694
-6.77188
-6.77391
-6.7755
-6.77664
-6.77797
-6.77983
-6.78188
-6.78283
-6.78364
-6.7853
-6.78649
-6.78691
-6.78719
-6.78669
-6.78735
-6.78788
-6.7873
-6.78756
-6.7877
-6.78737
-6.78692
-6.78635
-6.78564
-6.78547
-6.78387
-6.78281
-6.78228
-6.78131
-6.78055
-6.77969
-6.77872
-6.77733
-6.77552
-6.77491
-6.77259
-6.76986
-6.7677
-6.76546
-6.76282
-6.75979
-6.75831
-6.75612
-6.75323
-6.7506
-6.74858
-6.74554
-6.74245
-6.73901
-6.73651
-6.733
-6.72915
-6.72593
-6.72204
-6.71911
-6.71617
-6.71387
-6.7106
-6.70765
-6.70471
-6.70079
-6.69819
-6.69592
-6.69398
-6.6911
-6.68823
-6.68473
-6.68191
-6.67943
-6.67665
-6.67325
-6.67085
-6.66782
-6.66515
-6.66316
-6.66087
-6.65796
-6.65508
-6.65287
-6.65005
-6.64628
-6.64384
-6.64175
-6.63936
-6.63666
-6.63335
-6.63136
-6.62939
-6.62711
-6.62519
-6.62296
-6.62042
-6.61856
-6.61638
-6.61422
-6.6124
-6.60995
-6.60719
-6.60509
-6.60268
-6.60093
-6.59888
-6.59715
-6.59545
-6.5931
-6.59175
-6.59008
-6.58843
-6.58712
-6.58485
-6.5826
-6.58037
-6.57848
-6.57662
-6.5751
-6.57295
-6.57149
-6.5694
-6.56799
-6.5663
-6.56464
-6.56269
-6.56111
-6.56021
-6.55872
-6.55695
-6.55555
-6.55421
-6.55325
-6.55138
-6.5499
-6.54881
-6.54746
-6.54586
-6.54466
-6.54418
-6.54346
-6.54346
-6.54257
-6.5421
-6.54268
-6.54205
-6.54217
-6.54205
-6.54235
-6.54307
-6.54356
-6.54383
-6.54419
-6.54434
-6.54522
-6.54556
-6.54665
-6.54783
-6.54879
-6.55018
-6.55134
-6.55292
-6.55492
-6.55637
-6.55791
-6.55922
-6.56095
-6.56309
-6.56466
-6.56632
-6.56839
-6.57087
-6.57374
-6.57572
-6.57874
-6.58086
-6.58305
-6.5853
-6.58825
-6.59126
-6.594
-6.59711
-6.59994
-6.60346
-6.60637
-6.60931
-6.6126
-6.61559
-6.61763
-6.62
-6.62337
-6.62609
-6.62881
-6.63185
-6.63423
-6.6379
-6.64059
-6.6439
-6.64654
-6.6485
-6.65107
-6.65426
-6.65676
-6.65889
-6.66259
-6.66527
-6.66756
-6.67045
-6.67198
-6.67441
-6.67613
-6.67876
-6.68131
-6.68411
-6.68619
-6.68819
-6.68978
-6.69195
-6.69338
-6.69441
-6.69697
-6.69816
-6.69927
-6.70126
-6.70189
-6.70308
-6.70354
-6.70457
-6.70553
-6.70608
-6.70656
-6.70665
-6.70699
-6.70693
-6.70714
-6.70793
-6.70834
-6.70836
-6.7093
-6.71018
-6.71037
-6.7105
-6.71059
-6.71031
-6.71064
-6.71061
-6.71054
-6.71043
-6.71029
-6.70947
-6.7096
-6.71002
-6.71009
-6.70885
-6.70725
-6.70725
-6.7069
-6.70686
-6.70679
-6.70671
-6.70628
-6.70551
-6.70505
-6.70359
-6.70244
-6.70224
-6.70202
-6.70179
-6.70185
-6.70157
-6.70061
-6.69996
-6.69896
-6.69793
-6.69752
-6.69708
-6.6963
-6.69547
-6.69559
-6.69471
-6.69347
-6.69284
-6.69218
-6.69148
-6.6901
-6.68997
-6.68916
-6.68831
-6.68709
-6.68713
-6.68617
-6.68451
-6.68282
-6.68173
-6.68028
-6.67846
-6.6766
-6.67503
-6.67342
-6.67176
-6.67007
-6.66867
-6.66723
-6.66575
-6.66359
-6.66076
-6.65887
-6.65662
-6.65531
-6.65334
-6.65133
-6.64995
-6.64823
-6.64616
-6.6444
-6.64262
-6.63985
-6.63805
-6.63591
-6.63441
-6.63225
-6.62977
-6.62728
-6.62577
-6.62329
-6.62145
-6.61897
-6.61683
-6.61533
-6.61288
-6.61108
-6.60929
-6.60687
-6.60511
-6.60304
-6.60066
-6.59862
-6.59595
-6.59394
-6.59163
-6.58934
-6.58771
-6.58514
-6.5829
-6.5807
-6.57948
-6.57731
-6.57517
-6.57369
-6.57191
-6.57015
-6.56776
-6.56603
-6.56466
-6.56297
-6.56195
-6.55998
-6.55803
-6.55642
-6.55451
-6.55261
-6.55105
-6.54983
-6.54799
-6.54616
-6.54499
-6.54352
-6.54239
-6.54127
-6.53985
-6.53844
-6.53672
-6.53534
-6.53398
-6.53263
-6.53163
-6.53031
-6.52837
-6.52677
-6.52584
-6.52396
-6.52274
-6.52154
-6.52004
-6.51888
-6.51742
-6.51663
-6.5149
-6.51384
-6.51248
-6.51147
-6.50984
-6.50857
-6.50765
-6.50708
-6.50656
-6.50574
-6.50496
-6.50422
-6.50384
-6.50286
-6.50257
-6.50136
-6.50052
-6.50103
-6.49997
-6.49995
-6.49997
-6.50039
-6.50022
-6.50011
-6.50007
-6.49912
-6.49922
-6.49906
-6.49963
-6.50028
-6.50036
-6.50116
-6.50206
-6.50239
-6.50313
-6.50558
-6.50651
-6.50687
-6.50798
-6.50984
-6.51114
-6.51319
-6.51371
-6.51531
-6.517
-6.51944
-6.52133
-6.52364
-6.52572
-6.5279
-6.53049
-6.53286
-6.53499
-6.53754
-6.53986
-6.54258
-6.54571
-6.54828
-6.55093
-6.55496
-6.55809
-6.56129
-6.56455
-6.56756
-6.57095
-6.57408
-6.57726
-6.58048
-6.58473
-6.58901
-6.59269
-6.5964
-6.60013
-6.60389
-6.60702
-6.61146
-6.6143
-6.61875
-6.62257
-6.62637
-6.6305
-6.63428
-6.63773
-6.64116
-6.64391
-6.64761
-6.6516
-6.65555
-6.65914
-6.66301
-6.66683
-6.66995
-6.67399
-6.67797
-6.68092
-6.6838
-6.68694
-6.69066
-6.69398
-6.6969
-6.69941
-6.70184
-6.70451
-6.70774
-6.70991
-6.71264
-6.7143
-6.7162
-6.71832
-6.71937
-6.7213
-6.72313
-6.72486
-6.72617
-6.72737
-6.7288
-6.7298
-6.73135
-6.73378
-6.73513
-6.73606
-6.73722
-6.7373
-6.73762
-6.73881
-6.73991
-6.74027
-6.74055
-6.74073
-6.7405
-6.74117
-6.74078
-6.74128
-6.74042
-6.74013
-6.73977
-6.73934
-6.73853
-6.7383
-6.73866
-6.73864
-6.73792
-6.73715
-6.73633
-6.73547
-6.73456
-6.73363
-6.73265
-6.73133
-6.72998
-6.72861
-6.7269
-6.72549
-6.72504
-6.72458
-6.72315
-6.72235
-6.72123
-6.72011
-6.719
-6.71789
-6.71615
-6.71474
-6.71367
-6.71165
-6.71062
-6.70962
-6.70831
-6.70704
-6.70579
-6.70458
-6.70404
-6.70322
-6.70276
-6.70233
-6.70227
-6.70095
-6.70033
-6.69975
-6.69921
-6.69872
-6.69795
-6.69787
-6.69849
-6.69787
-6.69827
-6.69774
-6.69695
-6.69717
-6.69712
-6.6968
-6.6962
-6.69696
-6.69711
-6.69796
-6.6979
-6.69788
-6.69663
-6.69704
-6.6975
-6.69769
-6.69825
-6.69885
-6.69983
-6.70085
-6.7016
-6.70174
-6.70257
-6.70247
-6.70275
-6.70403
-6.70503
-6.70607
-6.7065
-6.7073
-6.70845
-6.70899
-6.71021
-6.71211
-6.71307
-6.71374
-6.7167
-6.71807
-6.71946
-6.72088
-6.72265
-6.72476
-6.72591
-6.72741
-6.72892
-6.73077
-6.73264
-6.73483
-6.73671
-6.73859
-6.73983
-6.7414
-6.74329
-6.74452
-6.74608
-6.74795
-6.74948
-6.75101
-6.75251
-6.75401
-6.75548
-6.75725
-6.75868
-6.7604
-6.76145
-6.76344
-6.76442
-6.76601
-6.76691
-6.76874
-6.77085
-6.77129
-6.77298
-6.77462
-6.7762
-6.77643
-6.77693
-6.77736
-6.77871
-6.7803
-6.78054
-6.78103
-6.78177
-6.78178
-6.78204
-6.78223
-6.78233
-6.78236
-6.7823
-6.78183
-6.78127
-6.78096
-6.78088
-6.78072
-6.78014
-6.77948
-6.77937
-6.77789
-6.77632
-6.77498
-6.77421
-6.77271
-6.77209
-6.77107
-6.76997
-6.7688
-6.76754
-6.76653
-6.76481
-6.76269
-6.76019
-6.75762
-6.75564
-6.7536
-6.75118
-6.7487
-6.74651
-6.74491
-6.74296
-6.74064
-6.73829
-6.7359
-6.73349
-6.73105
-6.72893
-6.72646
-6.72398
-6.72149
-6.71867
-6.71585
-6.71303
-6.7099
-6.70807
-6.70592
-6.70347
-6.70232
-6.69991
-6.69719
-6.69352
-6.6915
-6.68886
-6.68592
-6.68334
-6.68079
-6.67924
-6.67676
-6.67463
-6.67221
-6.67047
-6.66877
-6.66646
-6.6645
-6.66194
-6.66005
-6.65787
-6.65637
-6.65458
-6.65217
-6.65077
-6.64907
-6.64804
-6.64575
-6.64381
-6.64287
-6.64196
-6.6401
-6.63924
-6.63841
-6.63662
-6.63584
-6.63443
-6.63271
-6.6307
-6.62872
-6.62708
-6.62547
-6.62453
-6.62361
-6.62305
-6.62187
-6.62104
-6.61959
-6.6185
-6.61712
-6.61642
-6.61511
-6.61384
-6.61294
-6.61274
-6.61161
-6.6115
-6.61079
-6.60982
-6.60826
-6.6074
-6.60692
-6.60619
-6.60682
-6.60654
-6.60568
-6.6049
-6.60483
-6.60483
-6.6049
-6.60505
-6.60526
-6.60523
-6.60558
-6.60536
-6.6052
-6.60576
-6.60704
-6.60707
-6.6075
-6.60798
-6.60916
-6.60974
-6.6107
-6.61202
-6.61371
-6.61478
-6.61523
-6.61571
-6.61685
-6.61834
-6.61951
-6.62037
-6.62155
-6.62305
-6.62421
-6.62569
-6.6265
-6.62761
-6.62934
-6.63039
-6.63173
-6.63271
-6.63396
-6.63549
-6.63632
-6.6371
-6.6375
-6.63816
-6.63876
-6.63962
-6.64008
-6.63984
-6.64016
-6.63977
-6.63995
-6.64006
-6.64009
-6.64037
-6.64026
-6.64039
-6.64012
-6.63945
-6.6387
-6.63886
-6.63861
-6.63797
-6.63791
-6.63681
-6.63531
-6.63407
-6.6331
-6.63206
-6.62966
-6.62882
-6.62761
-6.62602
-6.62502
-6.62397
-6.62255
-6.62108
-6.61892
-6.61704
-6.61512
-6.61349
-6.61182
-6.6111
-6.60905
-6.60762
-6.60648
-6.60468
-6.60286
-6.60134
-6.59981
-6.59794
-6.5967
-6.59481
-6.59259
-6.59101
-6.58976
-6.58785
-6.58594
-6.58404
-6.58245
-6.58023
-6.57866
-6.57644
-6.57424
-6.57269
-6.57115
-6.5693
-6.56779
-6.56597
-6.56416
-6.56238
-6.56028
-6.5582
-6.55615
-6.55443
-6.55306
-6.55172
-6.54974
-6.5465
-6.54458
-6.54268
-6.54113
-6.53992
-6.53842
-6.53694
-6.53484
-6.53374
-6.53266
-6.53129
-6.53124
-6.52992
-6.52928
-6.52738
-6.52615
-6.52494
-6.52345
-6.52263
-6.52216
-6.52076
-6.51938
-6.51803
-6.51705
-6.51577
-6.51517
-6.51428
-6.51342
-6.51293
-6.5128
-6.51141
-6.51071
-6.50973
-6.50944
-6.5079
-6.50738
-6.50659
-6.50649
-6.50677
-6.50711
-6.50621
-6.50569
-6.50523
-6.50484
-6.50484
-6.50491
-6.50472
-6.50493
-6.5049
-6.50526
-6.50538
-6.50558
-6.50619
-6.50688
-6.50766
-6.50854
-6.50983
-6.51121
-6.51301
-6.51394
-6.51497
-6.51674
-6.51894
-6.52059
-6.52235
-6.52452
-6.52648
-6.52853
-6.53134
-6.53424
-6.53725
-6.54003
-6.54225
-6.54425
-6.54698
-6.54981
-6.55272
-6.55539
-6.55879
-6.56227
-6.56518
-6.56848
-6.57185
-6.57561
-6.57942
-6.58329
-6.58689
-6.59053
-6.5939
-6.59859
-6.60268
-6.60581
-6.61027
-6.61441
-6.61792
-6.62143
-6.62527
-6.6291
-6.63259
-6.63639
-6.64049
-6.64359
-6.64699
-6.65131
-6.65495
-6.6579
-6.66144
-6.66524
-6.66866
-6.67202
-6.67498
-6.67722
-6.68035
-6.68341
-6.6867
-6.68893
-6.69172
-6.69409
-6.69637
-6.69855
-6.70062
-6.70324
-6.70511
-6.70752
-6.70918
-6.71104
-6.71312
-6.71477
-6.71662
-6.71772
-6.71935
-6.72119
-6.7226
-6.72357
-6.72411
-6.72486
-6.72486
-6.72605
-6.72615
-6.72648
-6.7267
-6.72683
-6.72685
-6.72613
-6.72629
-6.72602
-6.72567
-6.72556
-6.72535
-6.72442
-6.72373
-6.72265
-6.72181
-6.7209
-6.72025
-6.71921
-6.71746
-6.71694
-6.71573
-6.71413
-6.71282
-6.71113
-6.70973
-6.70764
-6.70649
-6.70563
-6.70441
-6.70285
-6.70158
-6.69998
-6.69739
-6.69575
-6.6941
-6.69277
-6.69046
-6.68944
-6.68777
-6.68642
-6.68508
-6.68342
-6.68144
-6.6798
-6.67784
-6.67621
-6.6746
-6.67268
-6.67109
-6.66953
-6.66895
-6.66709
-6.66623
-6.66474
-6.66229
-6.66084
-6.6594
-6.65799
-6.65595
-6.6549
-6.65322
-6.65124
-6.64961
-6.64735
-6.6464
-6.64547
-6.64392
-6.64206
-6.64118
-6.64
-6.63948
-6.63801
-6.63752
-6.63673
-6.63562
-6.63421
-6.6341
-6.63239
-6.63101
-6.62933
-6.62862
-6.62793
-6.62692
-6.62592
-6.62493
-6.62395
-6.62298
-6.62169
-6.62074
-6.61916
-6.61758
-6.61666
-6.61576
-6.61551
-6.61496
-6.61409
-6.61421
-6.61338
-6.61223
-6.61079
-6.61
-6.60924
-6.60882
-6.6081
-6.60838
-6.60739
-6.60739
-6.60645
-6.60554
-6.60466
-6.60413
-6.60364
-6.60383
-6.60308
-6.6027
-6.60235
-6.60204
-6.60177
-6.60122
-6.60169
-6.60123
-6.60145
-6.60108
-6.60075
-6.60079
-6.60088
-6.60069
-6.60119
-6.60142
-6.60136
-6.60232
-6.60236
-6.60244
-6.60256
-6.60272
-6.60324
-6.6038
-6.60473
-6.60536
-6.60667
-6.60833
-6.60938
-6.61012
-6.61057
-6.612
-6.61377
-6.61523
-6.61605
-6.61656
-6.61706
-6.61724
-6.61806
-6.6179
-6.61903
-6.62046
-6.62122
-6.62195
-6.62331
-6.62399
-6.6256
-6.62621
-6.62677
-6.62761
-6.62809
-6.62884
-6.62921
-6.63017
-6.63011
-6.63063
-6.63044
-6.63084
-6.63085
-6.63111
-6.63066
-6.63014
-6.62955
-6.62889
-6.62882
-6.62803
-6.62782
-6.62754
-6.6272
-6.62614
-6.62502
-6.62449
-6.62261
-6.62132
-6.6203
-6.61922
-6.6181
-6.61662
-6.61541
-6.61352
-6.61192
-6.61029
-6.60733
-6.60533
-6.60363
-6.6016
-6.6002
-6.5988
-6.5974
-6.596
-6.59461
-6.5929
-6.59154
-6.5902
-6.58921
-6.5876
-6.58602
-6.58481
-6.58363
-6.58251
-6.58175
-6.58073
-6.58073
-6.58015
-6.57963
-6.57885
-6.57814
-6.57782
-6.57757
-6.57675
-6.57536
-6.57502
-6.57346
-6.5736
-6.57349
-6.5738
-6.57385
-6.57464
-6.57583
-6.57742
-6.5778
-6.57794
-6.57782
-6.57876
-6.57977
-6.58085
-6.58168
-6.5829
-6.58386
-6.58489
-6.58598
-6.58713
-6.58833
-6.58959
-6.59123
-6.59291
-6.59334
-6.59447
-6.5966
-6.59747
-6.59903
-6.60094
-6.60255
-6.6045
-6.60616
-6.60848
-6.61017
-6.61187
-6.61358
-6.61563
-6.61702
-6.61842
-6.62047
-6.62219
-6.62391
-6.62594
-6.62732
-6.62933
-6.63101
-6.63267
-6.63368
-6.63532
-6.63695
-6.63856
-6.64015
-6.64204
-6.6436
-6.64547
-6.64732
-6.64851
-6.65033
-6.65116
-6.65263
-6.6544
-6.65487
-6.65695
-6.65838
-6.66076
-6.66185
-6.66325
-6.66433
-6.66573
-6.6668
-6.66788
-6.66928
-6.67101
-6.67307
-6.67482
-6.67593
-6.67738
-6.67884
-6.68
-6.68118
-6.6827
-6.68425
-6.68518
-6.68711
-6.68875
-6.6901
-6.69213
-6.6929
-6.69435
-6.69715
-6.69998
-6.70189
-6.70417
-6.70617
-6.70756
-6.70998
-6.71244
-6.71431
-6.71687
-6.71851
-6.72116
-6.72355
-6.72533
-6.72812
-6.72968
-6.73257
-6.73453
-6.73783
-6.74053
-6.74326
-6.7457
-6.74914
-6.75229
-6.75547
-6.75867
-6.76156
-6.76479
-6.76836
-6.77193
-6.77519
-6.7778
-6.78072
-6.78364
-6.78687
-6.78976
-6.7923
-6.79546
-6.79859
-6.80039
-6.8028
-6.80548
-6.8078
-6.81038
-6.81257
-6.8147
-6.81709
-6.82005
-6.82261
-6.82573
-6.82716
-6.82946
-6.83135
-6.83314
-6.83451
-6.83578
-6.83758
-6.83961
-6.84055
-6.8417
-6.84242
-6.84301
-6.84381
-6.84417
-6.84505
-6.84484
-6.84515
-6.84501
-6.84507
-6.84533
-6.84482
-6.84387
-6.84343
-6.84288
-6.84187
-6.8401
-6.83886
-6.83783
-6.83635
-6.83541
-6.83469
-6.83353
-6.83162
-6.83026
-6.82847
-6.82659
-6.82397
-6.82158
-6.81879
-6.81656
-6.81425
-6.81285
-6.81073
-6.80887
-6.80694
-6.80399
-6.80196
-6.79892
-6.79615
-6.79334
-6.78953
-6.78634
-6.78345
-6.78054
-6.77729
-6.77436
-6.77206
-6.76976
-6.76714
-6.7642
-6.76095
-6.75738
-6.75448
-6.75192
-6.74906
-6.74655
-6.74309
-6.74064
-6.73757
-6.73487
-6.73188
-6.7299
-6.72667
-6.72413
-6.72195
-6.7195
-6.71774
-6.7157
-6.71339
-6.7108
-6.70857
-6.70608
-6.7046
-6.70187
-6.70015
-6.69784
-6.69557
-6.69399
-6.69181
-6.69063
-6.68885
-6.68742
-6.68506
-6.6837
-6.68205
-6.68076
-6.67916
-6.67727
-6.67572
-6.67387
-6.67236
-6.67087
-6.66842
-6.66761
-6.66616
-6.66471
-6.66296
-6.66153
-6.65946
-6.65804
-6.65694
-6.65553
-6.65379
-6.65205
-6.65096
-6.64954
-6.64812
-6.64638
-6.64496
-6.64321
-6.64179
-6.64036
-6.63991
-6.63849
-6.63739
-6.63629
-6.63487
-6.63345
-6.63172
-6.62999
-6.62795
-6.62689
-6.6252
-6.62352
-6.62217
-6.62149
-6.62051
-6.6189
-6.61698
-6.61509
-6.6142
-6.61269
-6.61186
-6.61041
-6.60932
-6.60794
-6.60725
-6.60626
-6.60565
-6.60442
-6.60258
-6.60144
-6.60099
-6.60026
-6.59957
-6.59892
-6.59865
-6.59875
-6.59889
-6.59843
-6.59834
-6.5983
-6.59797
-6.59737
-6.59714
-6.59727
-6.59711
-6.59765
-6.59757
-6.59786
-6.59753
-6.59789
-6.59763
-6.59773
-6.59785
-6.59671
-6.59689
-6.5971
-6.59732
-6.59822
-6.5988
-6.59973
-6.60035
-6.60066
-6.60129
-6.60129
-6.60162
-6.60163
-6.60164
-6.6023
-6.60296
-6.60297
-6.60329
-6.60296
-6.60262
-6.60291
-6.60319
-6.60378
-6.60404
-6.60394
-6.60416
-6.60403
-6.6042
-6.60467
-6.60479
-6.60489
-6.60464
-6.60532
-6.60534
-6.60532
-6.60495
-6.60487
-6.60477
-6.60495
-6.60478
-6.60458
-6.60434
-6.60408
-6.6041
-6.60345
-6.60309
-6.60334
-6.60259
-6.60181
-6.60133
-6.60081
-6.59962
-6.59905
-6.59812
-6.59781
-6.59683
-6.59614
-6.59543
-6.59469
-6.59425
-6.59249
-6.59135
-6.59019
-6.58966
-6.58845
-6.58755
-6.58695
-6.58536
-6.58538
-6.58472
-6.5834
-6.58207
-6.58104
-6.57999
-6.57926
-6.57786
-6.57743
-6.57697
-6.57586
-6.57409
-6.5736
-6.57246
-6.57195
-6.5711
-6.57025
-6.56841
-6.56689
-6.56537
-6.56383
-6.56294
-6.56204
-6.56049
-6.55893
-6.55737
-6.55613
-6.55522
-6.55398
-6.55273
-6.55182
-6.55123
-6.54902
-6.54746
-6.54655
-6.54565
-6.54443
-6.54257
-6.54137
-6.54017
-6.53898
-6.53813
-6.53696
-6.53581
-6.53467
-6.53354
-6.5321
-6.53035
-6.5296
-6.52853
-6.52748
-6.52645
-6.52544
-6.52444
-6.52315
-6.52252
-6.52126
-6.52067
-6.52042
-6.51954
-6.51869
-6.51785
-6.51768
-6.51721
-6.51579
-6.51503
-6.51461
-6.51357
-6.51287
-6.5125
-6.51183
-6.51118
-6.51054
-6.5096
-6.50963
-6.50969
-6.50976
-6.50919
-6.50929
-6.51037
-6.51017
-6.50965
-6.50915
-6.50834
-6.50786
-6.50739
-6.50693
-6.50649
-6.50638
-6.50628
-6.50619
-6.50643
-6.50669
-6.50696
-6.5066
-6.50592
-6.50558
-6.50558
-6.50559
-6.50562
-6.50534
-6.50541
-6.50484
-6.50429
-6.50409
-6.50358
-6.50213
-6.50199
-6.50221
-6.50147
-6.50076
-6.50073
-6.50008
-6.49979
-6.49984
-6.49961
-6.49974
-6.50055
-6.50107
-6.50099
-6.50062
-6.50158
-6.5026
-6.50365
-6.5041
-6.5046
-6.50546
-6.50606
-6.50605
-6.50707
-6.50717
-6.50796
-6.50946
-6.51037
-6.51069
-6.51107
-6.51215
-6.51329
-6.51449
-6.51575
-6.51707
-6.51812
-6.52054
-6.52205
-6.52329
-6.5259
-6.52792
-6.52968
-6.53086
-6.5321
-6.53438
-6.53575
-6.53816
-6.54031
-6.54284
-6.54511
-6.54744
-6.54983
-6.5526
-6.55511
-6.55799
-6.56061
-6.56359
-6.56663
-6.56908
-6.57189
-6.57506
-6.57698
-6.58024
-6.5832
-6.5862
-6.58954
-6.59388
-6.59695
-6.60101
-6.60346
-6.60592
-6.60904
-6.61248
-6.61528
-6.61936
-6.62246
-6.62555
-6.62893
-6.6323
-6.63499
-6.63798
-6.64027
-6.64254
-6.64475
-6.64757
-6.65033
-6.65272
-6.65536
-6.65892
-6.66144
-6.66389
-6.66627
-6.66857
-6.67046
-6.67293
-6.67434
-6.67631
-6.67819
-6.67966
-6.68168
-6.68394
-6.6861
-6.68752
-6.68819
-6.68974
-6.69119
-6.69189
-6.69217
-6.693
-6.6934
-6.69371
-6.69425
-6.69468
-6.6947
-6.69559
-6.69606
-6.69579
-6.69576
-6.69563
-6.6951
-6.6948
-6.69411
-6.69365
-6.69409
-6.69349
-6.69249
-6.69175
-6.69094
-6.69007
-6.68946
-6.68783
-6.68615
-6.68539
-6.68394
-6.68245
-6.68124
-6.67968
-6.6784
-6.67614
-6.67482
-6.67283
-6.6718
-6.66979
-6.66777
-6.66638
-6.665
-6.66362
-6.66256
-6.66087
-6.6595
-6.65815
-6.65682
-6.65615
-6.65485
-6.65325
-6.65168
-6.65111
-6.64991
-6.6494
-6.64859
-6.64782
-6.64676
-6.64574
-6.6454
-6.64413
-6.64354
-6.64332
-6.64217
-6.64203
