0.800289
0.800936
0.801603
0.802291
0.802999
0.803726
0.804471
0.805234
0.806015
0.806813
0.807629
0.80846
0.809306
0.810165
0.811037
0.811919
0.812811
0.813714
0.814625
0.815542
0.816466
0.817395
0.818329
0.819265
0.820203
0.821143
0.822082
0.82302
0.823955
0.824886
0.825813
0.826734
0.827649
0.828556
0.829454
0.830343
0.831222
0.832088
0.832941
0.83378
0.834604
0.835412
0.836202
0.836975
0.837729
0.838463
0.839176
0.839867
0.840536
0.841182
0.841802
0.842395
0.84296
0.843496
0.844001
0.844474
0.844915
0.84532
0.84569
0.846024
0.84632
0.846576
0.846792
0.846967
0.8471
0.847189
0.847234
0.847232
0.847183
0.847086
0.846939
0.846742
0.846494
0.846195
0.845844
0.845439
0.84498
0.844465
0.843896
0.84327
0.842588
0.841848
0.841051
0.840197
0.839285
0.838317
0.837292
0.83621
0.835073
0.833879
0.832631
0.831328
0.829971
0.828561
0.827101
0.825591
0.824031
0.822424
0.820771
0.819075
0.817335
0.815555
0.813739
0.811888
0.810002
0.808084
0.806136
0.80416
0.802159
0.800135
0.798091
0.79603
0.793954
0.791866
0.789769
0.787667
0.785562
0.783458
0.781357
0.779262
0.777176
0.775102
0.773043
0.771002
0.768981
0.766983
0.765012
0.76307
0.761159
0.759282
0.757442
0.75564
0.753879
0.752161
0.750489
0.748864
0.747289
0.745764
0.744291
0.742871
0.741505
0.740195
0.738941
0.737744
0.736606
0.735527
0.734505
0.733543
0.732639
0.731795
0.731008
0.730278
0.729605
0.728987
0.728424
0.727916
0.72746
0.727057
0.726706
0.726405
0.726153
0.725947
0.725788
0.725673
0.7256
0.72557
0.72558
0.725629
0.725716
0.725841
0.726002
0.726198
0.726428
0.726691
0.726987
0.727314
0.727673
0.728062
0.728482
0.728931
0.729409
0.729917
0.730453
0.731017
0.73161
0.732231
0.732882
0.73356
0.734266
0.735001
0.735765
0.736557
0.737377
0.738227
0.739106
0.740014
0.740949
0.741912
0.742903
0.743921
0.744966
0.746037
0.747135
0.748259
0.749408
0.750582
0.75178
0.753002
0.754246
0.75551
0.756795
0.758098
0.75942
0.76076
0.762114
0.763482
0.764861
0.766252
0.767651
0.769058
0.770471
0.771888
0.773307
0.774728
0.776148
0.777566
0.77898
0.78039
0.781793
0.783187
0.784571
0.785943
0.787302
0.788647
0.789977
0.791289
0.792583
0.793858
0.795112
0.796346
0.797556
0.798742
0.799903
0.801038
0.802147
0.803229
0.804283
0.805311
0.806311
0.807285
0.80823
0.809147
0.810035
0.810897
0.811732
0.81254
0.81332
0.814073
0.814799
0.8155
0.816177
0.81683
0.81746
0.818068
0.818655
0.819221
0.819766
0.820292
0.8208
0.82129
0.821764
0.822223
0.822668
0.8231
0.82352
0.823929
0.824328
0.824718
0.825102
0.825479
0.825852
0.82622
0.826584
0.826945
0.827304
0.827663
0.828022
0.828382
0.828743
0.829107
0.829474
0.829844
0.830219
0.8306
0.830987
0.83138
0.83178
0.832185
0.832598
0.833017
0.833444
0.83388
0.834322
0.834773
0.835231
0.8357
0.836177
0.836664
0.837159
0.837663
0.838175
0.838695
0.839221
0.839753
0.840291
0.840833
0.841381
0.841933
0.842489
0.843047
0.843608
0.84417
0.844734
0.845298
0.84586
0.84642
0.846978
0.847531
0.848079
0.848622
0.849157
0.849685
0.850204
0.850715
0.851216
0.851704
0.852179
0.852641
0.853087
0.853518
0.853931
0.854326
0.854702
0.855057
0.855391
0.855701
0.855988
0.856249
0.856485
0.856693
0.856873
0.857025
0.857146
0.857237
0.857296
0.857323
0.857318
0.85728
0.857208
0.857102
0.856961
0.856785
0.856574
0.856328
0.856045
0.855728
0.855375
0.854986
0.854563
0.854105
0.853612
0.853086
0.852527
0.851936
0.851313
0.850659
0.849974
0.84926
0.848518
0.847749
0.846954
0.846133
0.845289
0.844424
0.843537
0.842631
0.841707
0.840767
0.839811
0.838842
0.837861
0.83687
0.83587
0.834864
0.833852
0.832835
0.831816
0.830796
0.829776
0.828757
0.827741
0.82673
0.825724
0.824727
0.82374
0.822761
0.821794
0.82084
0.819898
0.818973
0.818063
0.817168
0.81629
0.815429
0.814587
0.813762
0.812957
0.812171
0.811405
0.81066
0.809937
0.809235
0.808555
0.807898
0.807264
0.806653
0.806066
0.805503
0.804965
0.804452
0.803964
0.803502
0.803064
0.80265
0.802261
0.801897
0.801558
0.801245
0.800958
0.800698
0.800465
0.800258
0.800078
0.799924
0.799798
0.799699
0.799627
0.799584
0.79957
0.799583
0.799626
0.799696
0.799796
0.799925
0.800084
0.800273
0.800491
0.800739
0.801016
0.801322
0.801659
0.802025
0.80242
0.802845
0.803298
0.803779
0.804288
0.804824
0.805386
0.805973
0.806586
0.807223
0.807882
0.808563
0.809264
0.809984
0.810723
0.811478
0.812248
0.813032
0.813829
0.814636
0.815452
0.816275
0.817104
0.817936
0.81877
0.819606
0.82044
0.821272
0.8221
0.822923
0.823739
0.824547
0.825345
0.826134
0.82691
0.827674
0.828424
0.829159
0.829878
0.830582
0.831268
0.831937
0.832589
0.833222
0.833837
0.834433
0.835009
0.835566
0.836103
0.836622
0.837123
0.837607
0.838075
0.838525
0.838959
0.839377
0.83978
0.840168
0.840541
0.8409
0.841245
0.841579
0.841902
0.842215
0.842518
0.842812
0.843097
0.843375
0.843647
0.843911
0.84417
0.844425
0.844675
0.844922
0.845167
0.845409
0.845649
0.845888
0.846125
0.846359
0.846592
0.846821
0.847048
0.847272
0.847491
0.847706
0.847916
0.848121
0.848319
0.84851
0.848695
0.848871
0.849038
0.849194
0.849338
0.849471
0.849589
0.849694
0.849784
0.849858
0.849915
0.849954
0.849973
0.849972
0.849949
0.849903
0.849831
0.849735
0.849612
0.849463
0.849285
0.84908
0.848845
0.848579
0.84828
0.847949
0.847584
0.847185
0.846752
0.846283
0.845779
0.84524
0.844666
0.844056
0.843409
0.842726
0.842007
0.841251
0.840459
0.839632
0.83877
0.837871
0.836938
0.835969
0.834966
0.833928
0.832859
0.831756
0.83062
0.829452
0.828252
0.827022
0.825762
0.824473
0.823154
0.821808
0.820436
0.819037
0.817613
0.816165
0.814695
0.813203
0.811691
0.81016
0.808611
0.807043
0.805459
0.803859
0.802246
0.80062
0.798983
0.797338
0.795684
0.794024
0.79236
0.790693
0.789024
0.787357
0.785693
0.784035
0.782385
0.780745
0.779119
0.77751
0.775919
0.77435
0.772805
0.771288
0.769802
0.768349
0.766933
0.765557
0.764226
0.762942
0.761708
0.760527
0.759402
0.758336
0.757332
0.756393
0.755522
0.754721
0.753994
0.753342
0.752768
0.752272
0.751858
0.751526
0.751278
0.751114
0.751035
0.75104
0.75113
0.751303
0.751558
0.751895
0.752312
0.752806
0.753376
0.75402
0.754734
0.755516
0.756363
0.757272
0.75824
0.759263
0.760338
0.761461
0.762628
0.763835
0.76508
0.766358
0.767666
0.769
0.770357
0.771732
0.773123
0.774525
0.775936
0.777353
0.778773
0.780191
0.781606
0.783015
0.784415
0.785804
0.787182
0.788546
0.789893
0.791222
0.792529
0.793813
0.795072
0.796305
0.797512
0.79869
0.799838
0.800955
0.80204
0.803092
0.80411
0.805093
0.80604
0.806949
0.807822
0.808656
0.809452
0.810209
0.810926
0.811602
0.812238
0.812832
0.813384
0.813895
0.814361
0.814784
0.815162
0.815495
0.815783
0.816026
0.816222
0.816372
0.816477
0.816534
0.816544
0.816507
0.816422
0.816291
0.816113
0.815887
0.815612
0.81529
0.814919
0.814499
0.814032
0.813518
0.812956
0.812347
0.811691
0.810989
0.810242
0.809448
0.808609
0.807727
0.8068
0.805831
0.80482
0.803767
0.802673
0.801541
0.80037
0.799163
0.79792
0.796643
0.795333
0.793992
0.79262
0.791221
0.789795
0.788345
0.786871
0.785377
0.783864
0.782334
0.780789
0.77923
0.777661
0.776083
0.774497
0.772906
0.771312
0.769718
0.768125
0.766536
0.764952
0.763377
0.761813
0.760261
0.758724
0.757203
0.755701
0.754221
0.752763
0.751331
0.749925
0.748549
0.747203
0.745892
0.744615
0.743377
0.742176
0.741015
0.739895
0.738816
0.737782
0.736794
0.735855
0.734962
0.734118
0.733324
0.73258
0.731886
0.731245
0.730657
0.730123
0.729642
0.729214
0.728841
0.728523
0.728259
0.72805
0.727897
0.7278
0.727758
0.727772
0.727842
0.727966
0.728144
0.728377
0.728662
0.729001
0.729393
0.729837
0.730334
0.730881
0.731477
0.732123
0.732818
0.733562
0.734351
0.735188
0.73607
0.736996
0.737965
0.738975
0.740025
0.741113
0.742239
0.743402
0.744599
0.74583
0.747094
0.74839
0.749715
0.751069
0.75245
0.753858
0.755289
0.756745
0.758222
0.759721
0.761239
0.762774
0.764326
0.765893
0.767474
0.769067
0.770674
0.772292
0.773919
0.775557
0.777203
0.778856
0.780515
0.782179
0.783847
0.78552
0.787196
0.788875
0.790556
0.792239
0.793923
0.795607
0.79729
0.798973
0.800655
0.802336
0.804016
0.805694
0.807372
0.809048
0.810724
0.812398
0.814071
0.815741
0.817409
0.819075
0.82074
0.822402
0.824062
0.825719
0.827373
0.829024
0.830671
0.832315
0.833954
0.835588
0.837218
0.838842
0.84046
0.842071
0.843674
0.845269
0.846854
0.848429
0.849994
0.851546
0.853086
0.854613
0.856126
0.857622
0.859099
0.860558
0.861997
0.863414
0.864808
0.866178
0.867522
0.868839
0.870128
0.871387
0.872614
0.873808
0.874968
0.876091
0.877177
0.878224
0.879232
0.880197
0.881121
0.882003
0.88284
0.883634
0.884381
0.885081
0.885734
0.886339
0.886895
0.887402
0.88786
0.888269
0.888627
0.888937
0.889197
0.889406
0.889566
0.889677
0.889738
0.889751
0.889716
0.889634
0.889507
0.889336
0.889122
0.888868
0.888572
0.888237
0.887862
0.88745
0.887001
0.886517
0.886
0.88545
0.88487
0.884262
0.883627
0.882967
0.882281
0.881572
0.880842
0.880091
0.879322
0.878536
0.877734
0.876918
0.87609
0.875252
0.874401
0.873541
0.87267
0.871792
0.870907
0.870015
0.869117
0.868213
0.867304
0.866391
0.865475
0.864555
0.863632
0.862706
0.861778
0.860847
0.859914
0.85898
0.858044
0.857109
0.856174
0.855238
0.854304
0.853369
0.852436
0.851506
0.850577
0.84965
0.848726
0.847805
0.846888
0.845976
0.845069
0.844168
0.843273
0.842385
0.841504
0.840634
0.839773
0.838924
0.838087
0.837264
0.836455
0.835661
0.834882
0.834121
0.833377
0.832652
0.831947
0.831265
0.830605
0.829968
0.829356
0.82877
0.82821
0.827679
0.827178
0.826705
0.826264
0.825853
0.825472
0.825124
0.824809
0.824528
0.82428
0.824067
0.823887
0.823742
0.82363
0.823553
0.823509
0.823498
0.823521
0.823577
0.823666
0.823788
0.823942
0.824127
0.824342
0.824587
0.824862
0.825164
0.825493
0.825848
0.826229
0.826634
0.827062
0.827512
0.827984
0.828476
0.828987
0.829515
0.830059
0.830617
0.831188
0.831772
0.832368
0.832972
0.833586
0.834207
0.834835
0.835469
0.836106
0.836746
0.837387
0.838027
0.838666
0.839301
0.839933
0.84056
0.841182
0.841798
0.842406
0.843007
0.843598
0.84418
0.84475
0.845308
0.845854
0.846386
0.846905
0.847409
0.847899
0.848374
0.848833
0.849276
0.849703
0.850114
0.850509
0.850888
0.85125
0.851594
0.851922
0.852231
0.852523
0.852798
0.853055
0.853296
0.853518
0.853724
0.853912
0.854084
0.854239
0.854377
0.854498
0.854602
0.854689
0.85476
0.854813
0.854849
0.854868
0.854871
0.854857
0.854826
0.854779
0.854714
0.854632
0.854533
0.854417
0.854283
0.854131
0.85396
0.853769
0.85356
0.85333
0.853079
0.852808
0.852516
0.852204
0.85187
0.851515
0.851136
0.850734
0.850307
0.849856
0.849379
0.848877
0.848349
0.847796
0.847216
0.846609
0.845976
0.845314
0.844625
0.843907
0.843161
0.842388
0.841585
0.840754
0.839896
0.83901
0.838096
0.837154
0.836183
0.835185
0.834158
0.833104
0.832022
0.830914
0.82978
0.828621
0.827437
0.826229
0.824997
0.823743
0.822468
0.821172
0.819856
0.818522
0.81717
0.815802
0.814418
0.81302
0.811609
0.810186
0.808753
0.80731
0.805859
0.804403
0.802941
0.801475
0.800007
0.798537
0.797068
0.795601
0.794139
0.792681
0.79123
0.789786
0.788351
0.786926
0.78551
0.784107
0.782717
0.781341
0.779981
0.778637
0.777309
0.775999
0.774707
0.773434
0.77218
0.770946
0.769732
0.76854
0.767372
0.766226
0.765103
0.764003
0.762926
0.761873
0.760843
0.759836
0.758853
0.757892
0.756954
0.756038
0.755146
0.754276
0.753429
0.752604
0.7518
0.751018
0.750257
0.749517
0.748798
0.748099
0.747419
0.746758
0.746116
0.745493
0.744888
0.744302
0.743733
0.743181
0.742645
0.742125
0.741621
0.741131
0.740656
0.740196
0.739751
0.73932
0.738904
0.738502
0.738113
0.737738
0.737376
0.737027
0.736692
0.73637
0.73606
0.735764
0.735481
0.735212
0.734956
0.734713
0.734483
0.734267
0.734065
0.733878
0.733707
0.73355
0.733409
0.733282
0.73317
0.733075
0.732995
0.732933
0.732888
0.73286
0.73285
0.732858
0.732884
0.732929
0.732994
0.733081
0.733191
0.733322
0.733476
0.733652
0.733853
0.734078
0.734329
0.734606
0.734911
0.735245
0.735609
0.736005
0.736433
0.736895
0.737392
0.737926
0.7385
0.739114
0.739769
0.740468
0.741214
0.742007
0.742851
0.743748
0.744699
0.745707
0.746771
0.747896
0.74908
0.750327
0.751638
0.753015
0.754458
0.755968
0.757547
0.759193
0.760909
0.762694
0.764547
0.766468
0.768455
0.770507
0.772623
0.7748
0.777036
0.779329
0.781674
0.78407
0.786513
0.788999
0.791526
0.794088
0.796683
0.799306
0.801952
0.804616
0.807294
0.809982
0.812674
0.815366
0.818055
0.820735
0.823403
0.826053
0.828682
0.831286
0.833861
0.836404
0.838912
0.841381
0.843808
0.846191
0.848527
0.850814
0.853049
0.855232
0.857359
0.85943
0.861442
0.863395
0.865287
0.867117
0.868883
0.870587
0.872228
0.873805
0.875317
0.876767
0.878152
0.879473
0.880732
0.881927
0.88306
0.884131
0.885139
0.886086
0.886973
0.887801
0.88857
0.88928
0.889932
0.890527
0.891067
0.891554
0.891986
0.892364
0.892691
0.892967
0.893191
0.893365
0.89349
0.893567
0.893597
0.893579
0.893516
0.893408
0.893255
0.893057
0.892817
0.892533
0.892205
0.891834
0.891421
0.890965
0.890466
0.889925
0.889343
0.888719
0.888054
0.887347
0.886601
0.885813
0.884984
0.884114
0.883204
0.882252
0.88126
0.880227
0.879154
0.87804
0.876887
0.875692
0.874456
0.873179
0.871862
0.870504
0.869108
0.867672
0.866197
0.864683
0.863131
0.861541
0.859913
0.858249
0.856549
0.854814
0.853044
0.85124
0.849404
0.847537
0.845638
0.84371
0.841754
0.839771
0.837763
0.835731
0.833678
0.831604
0.829511
0.827401
0.825276
0.823139
0.82099
0.818832
0.816667
0.814497
0.812323
0.810149
0.807975
0.805805
0.80364
0.801483
0.799337
0.797203
0.795083
0.79298
0.790895
0.788832
0.786793
0.784779
0.782793
0.780837
0.778911
0.77702
0.775164
0.773346
0.771567
0.769829
0.768133
0.766481
0.764876
0.763319
0.761812
0.760356
0.758953
0.757604
0.756311
0.755074
0.753896
0.752778
0.75172
0.750721
0.749784
0.748908
0.748094
0.747343
0.746656
0.746031
0.745471
0.744974
0.744541
0.744171
0.743865
0.743622
0.743442
0.743325
0.743269
0.743275
0.743341
0.743468
0.743654
0.743898
0.744199
0.744558
0.744973
0.745442
0.745965
0.74654
0.747166
0.74784
0.748563
0.749332
0.750148
0.751009
0.751911
0.752854
0.753835
0.754854
0.755909
0.756998
0.758119
0.759271
0.760454
0.761663
0.762899
0.764158
0.765442
0.766747
0.768071
0.769414
0.770774
0.772148
0.773536
0.774936
0.776346
0.777764
0.779191
0.780624
0.782063
0.783505
0.784949
0.786394
0.787838
0.789278
0.790716
0.792148
0.793574
0.794993
0.796402
0.7978
0.799186
0.800558
0.801917
0.803259
0.804584
0.80589
0.807175
0.808438
0.809678
0.810894
0.812084
0.813247
0.814381
0.815485
0.816558
0.8176
0.818607
0.819579
0.820513
0.821409
0.822264
0.823078
0.823849
0.824575
0.825256
0.825892
0.82648
0.82702
0.827509
0.827947
0.828333
0.828665
0.828942
0.829163
0.829326
0.829431
0.829478
0.829465
0.829393
0.829259
0.829064
0.828807
0.828489
0.828108
0.827665
0.82716
0.826593
0.825965
0.825277
0.824527
0.823719
0.822852
0.821928
0.820949
0.819917
0.818832
0.817697
0.816515
0.815288
0.814017
0.812706
0.811357
0.809974
0.80856
0.807118
0.805651
0.804164
0.80266
0.801143
0.799617
0.798087
0.796556
0.795028
0.793508
0.791999
0.790506
0.789033
0.787583
0.786162
0.784773
0.783422
0.78211
0.780843
0.779624
0.778457
0.777343
0.776285
0.775287
0.774351
0.773478
0.77267
0.771929
0.771256
0.770653
0.77012
0.769657
0.769263
0.768938
0.768682
0.768492
0.768369
0.768311
0.768317
0.768385
0.768513
0.768698
0.76894
0.769235
0.76958
0.769973
0.77041
0.77089
0.77141
0.771965
0.772555
0.773175
0.773824
0.774499
0.775198
0.775918
0.776657
0.777412
0.778181
0.778962
0.779754
0.780554
0.781362
0.782178
0.782998
0.783822
0.784649
0.785479
0.786311
0.787145
0.787981
0.788817
0.789654
0.790492
0.791331
0.792171
0.793013
0.793858
0.794706
0.795559
0.796416
0.797281
0.798152
0.799033
0.799922
0.800822
0.801733
0.802658
0.803597
0.804552
0.805524
0.806513
0.807522
0.808551
0.809601
0.810672
0.811766
0.812883
0.814023
0.815188
0.816377
0.817592
0.818831
0.820096
0.821388
0.822705
0.824047
0.825415
0.826808
0.828227
0.82967
0.831137
0.832627
0.834141
0.835676
0.837232
0.838806
0.840398
0.842008
0.843633
0.845272
0.846923
0.848585
0.850255
0.851932
0.853612
0.855296
0.85698
0.858664
0.860344
0.862019
0.863687
0.865346
0.866993
0.868626
0.870245
0.871846
0.873428
0.874988
0.876525
0.878038
0.879523
0.880979
0.882404
0.883797
0.885155
0.886477
0.88776
0.889003
0.890205
0.891364
0.892479
0.893549
0.894574
0.895551
0.896479
0.897358
0.898185
0.898961
0.899687
0.90036
0.900979
0.901544
0.902056
0.902513
0.902914
0.903258
0.903545
0.903776
0.903948
0.904063
0.904119
0.904118
0.904057
0.903937
0.903758
0.90352
0.903225
0.902871
0.902458
0.901985
0.901454
0.900863
0.900212
0.899502
0.898735
0.897909
0.897026
0.896084
0.895085
0.894029
0.892915
0.891746
0.890521
0.889243
0.887912
0.886528
0.885092
0.883605
0.882068
0.880481
0.878847
0.877168
0.875445
0.873677
0.871868
0.870018
0.868128
0.8662
0.864236
0.862237
0.860204
0.85814
0.856045
0.853923
0.851773
0.849601
0.847406
0.845191
0.842959
0.84071
0.838448
0.836175
0.833892
0.831602
0.829307
0.827008
0.824709
0.822412
0.82012
0.817834
0.815556
0.813289
0.811035
0.808795
0.806571
0.804366
0.802182
0.800021
0.797886
0.795779
0.793701
0.791658
0.789651
0.787681
0.785751
0.783864
0.782023
0.78023
0.778487
0.776797
0.775161
0.773583
0.772065
0.77061
0.76922
0.767897
0.766643
0.765462
0.764356
0.763326
0.762375
0.761503
0.760712
0.760004
0.75938
0.758843
0.758392
0.758029
0.757755
0.757572
0.75748
0.757479
0.75757
0.757751
0.758024
0.758389
0.758844
0.759392
0.760029
0.760757
0.761573
0.762478
0.76347
0.764548
0.765711
0.766959
0.768288
0.769698
0.771188
0.772755
0.774396
0.776111
0.777898
0.779754
0.781676
0.783665
0.785717
0.787829
0.79
0.792227
0.794508
0.79684
0.79922
0.801647
0.804118
0.80663
0.80918
0.811765
0.814382
0.81703
0.819705
0.822405
0.825125
0.827863
0.830616
0.83338
0.836152
0.838928
0.841706
0.844482
0.847254
0.850017
0.852767
0.855502
0.858218
0.86091
0.863577
0.866215
0.86882
0.871388
0.873916
0.876401
0.87884
0.88123
0.883567
0.885848
0.88807
0.89023
0.892324
0.894349
0.896303
0.898184
0.899987
0.901711
0.903351
0.904907
0.906375
0.907754
0.909041
0.910236
0.911336
0.91234
0.913247
0.914054
0.914761
0.915366
0.91587
0.91627
0.916567
0.916759
0.916845
0.916825
0.916699
0.916467
0.916129
0.915683
0.915131
0.914471
0.913707
0.912837
0.911862
0.910784
0.909603
0.908321
0.906938
0.905455
0.903875
0.902197
0.900423
0.898556
0.896597
0.894548
0.89241
0.890187
0.887879
0.88549
0.883021
0.880475
0.877855
0.875164
0.872403
0.869576
0.866687
0.863738
0.860731
0.857669
0.854557
0.851398
0.848196
0.844954
0.841675
0.838361
0.835017
0.831645
0.82825
0.824835
0.821406
0.817964
0.814514
0.811059
0.807603
0.80415
0.800704
0.797269
0.793849
0.790449
0.787072
0.783721
0.780401
0.777114
0.773865
0.770658
0.767496
0.764383
0.761324
0.75832
0.755376
0.752496
0.749681
0.746937
0.744265
0.741669
0.739153
0.736719
0.73437
0.732108
0.729937
0.727858
0.725873
0.723984
0.722192
0.7205
0.718907
0.717417
0.716029
0.714744
0.713563
0.712487
0.711515
0.710647
0.709883
0.709224
0.708667
0.708214
0.707862
0.707612
0.707462
0.707412
0.70746
0.707605
0.707844
0.708177
0.7086
0.709112
0.709711
0.710396
0.711163
0.712009
0.712934
0.713934
0.715006
0.716149
0.717359
0.718634
0.719971
0.721367
0.722819
0.724326
0.725884
0.72749
0.729142
0.730838
0.732576
0.734351
0.736162
0.738005
0.739879
0.74178
0.743705
0.745653
0.747619
0.749604
0.751602
0.753614
0.755635
0.757664
0.759699
0.761736
0.763774
0.76581
0.767841
0.769867
0.771884
0.773891
0.775885
0.777864
0.779825
0.781768
0.783689
0.785586
0.787457
0.7893
0.791113
0.792893
0.79464
0.79635
0.798023
0.799657
0.801249
0.8028
0.804307
0.805768
0.807182
0.808549
0.809865
0.81113
0.812342
0.8135
0.814603
0.81565
0.816638
0.817569
0.818439
0.81925
0.819999
0.820688
0.821316
0.821883
0.822387
0.82283
0.823212
0.823532
0.823791
0.823989
0.824127
0.824205
0.824224
0.824183
0.824084
0.823928
0.823717
0.823452
0.823133
0.822763
0.822343
0.821872
0.821353
0.820787
0.820177
0.819524
0.81883
0.818097
0.817327
0.816521
0.815681
0.814809
0.813906
0.812974
0.812016
0.811034
0.810028
0.809002
0.807958
0.806897
0.805822
0.804735
0.803637
0.80253
0.801417
0.8003
0.799182
0.798064
0.796948
0.795836
0.794731
0.793634
0.792547
0.791472
0.790411
0.789367
0.78834
0.787334
0.78635
0.78539
0.784457
0.783552
0.782677
0.781833
0.781022
0.780247
0.779509
0.77881
0.778152
0.777536
0.776964
0.776438
0.775958
0.775526
0.775144
0.774811
0.774529
0.774298
0.774119
0.773993
0.773922
0.773905
0.773943
0.774037
0.774186
0.774392
0.774654
0.774973
0.775348
0.77578
0.776267
0.77681
0.777408
0.77806
0.778766
0.779524
0.780335
0.781197
0.782109
0.78307
0.784078
0.785134
0.786235
0.78738
0.788567
0.789795
0.791062
0.792367
0.793708
0.795083
0.79649
0.797928
0.799395
0.800888
0.802406
0.803945
0.805505
0.807082
0.808675
0.810282
0.8119
0.813526
0.815159
0.816796
0.818435
0.820073
0.821707
0.823335
0.824956
0.826567
0.828164
0.829746
0.83131
0.832854
0.834374
0.83587
0.83734
0.838782
0.840192
0.84157
0.842912
0.844217
0.845483
0.846707
0.847887
0.849021
0.850108
0.851147
0.852134
0.853068
0.853949
0.854774
0.855542
0.856253
0.856904
0.857495
0.858026
0.858494
0.858898
0.859238
0.859514
0.859724
0.859869
0.859948
0.859962
0.859912
0.859796
0.859615
0.859368
0.859055
0.858678
0.858235
0.857728
0.857158
0.856525
0.855831
0.855076
0.854263
0.853393
0.852468
0.851488
0.850456
0.849373
0.848242
0.847065
0.845843
0.84458
0.843277
0.841937
0.840562
0.839154
0.837716
0.836251
0.834763
0.833256
0.83173
0.830191
0.828641
0.827082
0.825517
0.82395
0.822385
0.820826
0.819275
0.817736
0.816212
0.814706
0.813222
0.811763
0.810333
0.808935
0.807573
0.806248
0.804965
0.803727
0.802538
0.801401
0.800317
0.799291
0.798325
0.797421
0.796582
0.795811
0.795108
0.794475
0.793914
0.793427
0.793017
0.792683
0.792427
0.792249
0.792152
0.792135
0.792197
0.79234
0.792562
0.792864
0.793245
0.793704
0.794239
0.794849
0.795533
0.796289
0.797116
0.798011
0.798973
0.8
0.801088
0.802236
0.803441
0.804699
0.806009
0.807367
0.80877
0.810215
0.811698
0.813217
0.814768
0.816348
0.817953
0.81958
0.821226
0.822887
0.824561
0.826245
0.827936
0.829628
0.83132
0.833007
0.834689
0.836362
0.838022
0.839665
0.841291
0.842896
0.844476
0.84603
0.847555
0.849048
0.850507
0.85193
0.853315
0.85466
0.855963
0.857221
0.858434
0.8596
0.860718
0.861784
0.862799
0.863761
0.864671
0.865524
0.866322
0.867063
0.867746
0.868371
0.868935
0.86944
0.869886
0.87027
0.870594
0.870857
0.871058
0.871199
0.871278
0.871298
0.871257
0.871156
0.870996
0.870777
0.870499
0.870162
0.869768
0.869317
0.868811
0.86825
0.867636
0.866969
0.866251
0.865483
0.864666
0.8638
0.862888
0.861933
0.860936
0.859897
0.858819
0.857701
0.856545
0.855353
0.854126
0.852866
0.851575
0.850254
0.848905
0.84753
0.846133
0.844714
0.843272
0.841811
0.84033
0.838832
0.837317
0.83579
0.83425
0.8327
0.83114
0.829573
0.828
0.82642
0.824837
0.823253
0.821667
0.820081
0.818498
0.816919
0.815345
0.813778
0.812219
0.810669
0.80913
0.807605
0.806096
0.804604
0.803128
0.801672
0.800236
0.798822
0.797432
0.796068
0.79473
0.793419
0.792139
0.790891
0.789676
0.788495
0.787349
0.78624
0.78517
0.78414
0.783151
0.782205
0.781303
0.780446
0.779635
0.778872
0.778158
0.777493
0.77688
0.776317
0.775807
0.775348
0.774942
0.774589
0.77429
0.774045
0.773856
0.77372
0.773637
0.773607
0.77363
0.773706
0.773833
0.774012
0.774241
0.774518
0.774843
0.775214
0.775631
0.776093
0.776596
0.77714
0.777723
0.778344
0.779
0.77969
0.780413
0.781167
0.78195
0.782761
0.783598
0.78446
0.785344
0.786249
0.787172
0.788111
0.789066
0.790035
0.791016
0.792007
0.793008
0.794019
0.795037
0.796059
0.797083
0.798109
0.799136
0.800163
0.801187
0.802209
0.803226
0.804237
0.805241
0.806235
0.80722
0.808192
0.809153
0.810101
0.811037
0.81196
0.812867
0.813757
0.814629
0.815482
0.816314
0.817125
0.817915
0.818681
0.819424
0.820141
0.820832
0.821497
0.822135
0.822745
0.823326
0.823879
0.824402
0.824896
0.825358
0.825788
0.826186
0.826551
0.826883
0.827182
0.827449
0.827682
0.827881
0.828045
0.828175
0.82827
0.828331
0.828357
0.828347
0.828303
0.828226
0.828114
0.827969
0.82779
0.827579
0.827335
0.82706
0.826753
0.826417
0.826052
0.825658
0.825236
0.824788
0.824315
0.823818
0.823298
0.822757
0.822197
0.82162
0.821026
0.820418
0.819798
0.819166
0.818526
0.817879
0.817227
0.816572
0.815916
0.815262
0.814613
0.81397
0.813335
0.812712
0.812103
0.81151
0.810934
0.81038
0.809849
0.809344
0.808867
0.808421
0.808008
0.807631
0.80729
0.806989
0.806728
0.806511
0.806338
0.806211
0.806132
0.806101
0.806121
0.806193
0.806317
0.806496
0.806728
0.807015
0.807356
0.807752
0.808201
0.808702
0.809255
0.809859
0.810512
0.811215
0.811964
0.812758
0.813595
0.814473
0.81539
0.816342
0.817326
0.81834
0.819381
0.820446
0.821531
0.822632
0.823748
0.824873
0.826005
0.827139
0.828272
0.8294
0.830519
0.831626
0.832717
0.83379
0.83484
0.835864
0.836859
0.837823
0.838751
0.839642
0.84049
0.841295
0.842054
0.842765
0.843424
0.84403
0.84458
0.845074
0.84551
0.845884
0.846197
0.846447
0.846632
0.846754
0.84681
0.846799
0.846722
0.846577
0.846364
0.846083
0.845734
0.845318
0.844834
0.844283
0.843665
0.84298
0.84223
0.841416
0.840539
0.839601
0.838602
0.837542
0.836424
0.83525
0.834021
0.832739
0.831406
0.830022
0.828591
0.827114
0.825594
0.824031
0.82243
0.820791
0.819117
0.81741
0.815675
0.813912
0.812125
0.810316
0.808489
0.806645
0.804788
0.80292
0.801045
0.799165
0.797283
0.795402
0.793527
0.79166
0.789801
0.787956
0.786126
0.784315
0.782525
0.780761
0.779026
0.777323
0.775654
0.774022
0.772428
0.770877
0.769371
0.767912
0.766503
0.765148
0.763848
0.762606
0.761425
0.760307
0.759254
0.75827
0.757355
0.756513
0.755743
0.75505
0.754433
0.753897
0.753442
0.75307
0.752782
0.75258
0.752464
0.752435
0.752494
0.752641
0.752877
0.753203
0.753619
0.754125
0.754722
0.755409
0.756187
0.757053
0.758009
0.759053
0.760185
0.761403
0.762707
0.764094
0.765564
0.767113
0.76874
0.770443
0.772221
0.77407
0.775988
0.777973
0.780021
0.782129
0.784294
0.786514
0.788785
0.791105
0.793469
0.795874
0.798315
0.800791
0.803296
0.805827
0.80838
0.810952
0.81354
0.816138
0.818743
0.821351
0.823958
0.826559
0.829152
0.831731
0.834294
0.836836
0.839355
0.841846
0.844307
0.846734
0.849124
0.851474
0.853782
0.856047
0.858265
0.860432
0.862548
0.864609
0.866614
0.868559
0.870444
0.872266
0.874025
0.875719
0.877346
0.878906
0.880398
0.88182
0.883173
0.884454
0.885663
0.8868
0.887865
0.888857
0.889777
0.890624
0.891398
0.892099
0.892727
0.89328
0.893759
0.894165
0.894497
0.894754
0.894937
0.895047
0.895084
0.895049
0.894941
0.894762
0.89451
0.894185
0.893788
0.893319
0.892778
0.892164
0.891479
0.890722
0.889894
0.888996
0.888028
0.886992
0.885886
0.884711
0.883468
0.882158
0.880783
0.879343
0.877837
0.876267
0.874633
0.872937
0.87118
0.869362
0.867485
0.865549
0.863556
0.86151
0.859409
0.857258
0.855058
0.852811
0.850518
0.848182
0.845804
0.843389
0.840939
0.838456
0.835942
0.833399
0.830829
0.828236
0.825622
0.822989
0.820343
0.817685
0.815017
0.812343
0.809664
0.806984
0.804307
0.801635
0.798971
0.796316
0.793675
0.791048
0.78844
0.785853
0.78329
0.780752
0.778244
0.775767
0.773324
0.770917
0.768548
0.76622
0.763935
0.761695
0.759502
0.757357
0.755263
0.75322
0.751231
0.749296
0.747418
0.745598
0.743837
0.742136
0.740497
0.738918
0.737401
0.735947
0.734557
0.73323
0.731968
0.730771
0.72964
0.728574
0.727573
0.726636
0.725763
0.724954
0.724208
0.723526
0.722908
0.722352
0.721857
0.721423
0.721047
0.72073
0.720471
0.720269
0.720123
0.720033
0.719998
0.720018
0.72009
0.720215
0.720391
0.720617
0.720892
0.721216
0.721586
0.722004
0.722468
0.722978
0.723535
0.724135
0.724779
0.725464
0.726192
0.726962
0.727775
0.728629
0.729525
0.730461
0.731437
0.732452
0.733506
0.7346
0.735733
0.736908
0.738122
0.739375
0.740668
0.741998
0.743368
0.744776
0.746223
0.747709
0.749234
0.750799
0.752402
0.754044
0.755724
0.757442
0.759197
0.760989
0.762818
0.764683
0.766585
0.768522
0.770493
0.772497
0.774534
0.776603
0.778702
0.780829
0.782984
0.785166
0.787372
0.789601
0.791851
0.79412
0.796406
0.798708
0.801024
0.803351
0.805687
0.808031
0.81038
0.812732
0.815085
0.817437
0.819786
0.822127
0.824459
0.826781
0.829089
0.831382
0.833657
0.835913
0.838146
0.840356
0.842538
0.844692
0.846815
0.848905
0.85096
0.852979
0.854959
0.8569
0.8588
0.860657
0.862471
0.864239
0.865961
0.867634
0.869259
0.870834
0.872359
0.873831
0.875249
0.876613
0.877921
0.879173
0.880368
0.881506
0.882587
0.88361
0.884576
0.885483
0.886332
0.887121
0.887853
0.888525
0.889138
0.889692
0.890188
0.890624
0.891002
0.891322
0.891586
0.891794
0.891947
0.892046
0.89209
0.892079
0.892014
0.891895
0.891724
0.891501
0.891226
0.890901
0.890528
0.890107
0.889637
0.88912
0.888558
0.887951
0.8873
0.886608
0.885875
0.885105
0.884296
0.88345
0.882569
0.881655
0.880708
0.879732
0.878727
0.877695
0.876638
0.875558
0.874454
0.87333
0.872187
0.871029
0.869857
0.868672
0.867476
0.866272
0.865062
0.863848
0.86263
0.86141
0.860191
0.858973
0.857758
0.856548
0.855345
0.854151
0.852967
0.851795
0.850637
0.849492
0.848362
0.847246
0.846148
0.845068
0.844005
0.842962
0.841939
0.840937
0.839955
0.838993
0.83805
0.837129
0.836227
0.835345
0.834482
0.83364
0.832817
0.832012
0.831225
0.830453
0.829698
0.828957
0.828231
0.827518
0.826819
0.826131
0.825453
0.824786
0.824127
0.823474
0.822828
0.822186
0.821548
0.820912
0.820278
0.819644
0.819009
0.818373
0.817733
0.81709
0.816444
0.815793
0.815135
0.81447
0.813795
0.813112
0.812419
0.811715
0.810998
0.81027
0.80953
0.808777
0.80801
0.80723
0.806435
0.805627
0.804806
0.803971
0.803122
0.80226
0.801383
0.800493
0.799589
0.798673
0.797745
0.796808
0.795861
0.794905
0.793941
0.792971
0.791995
0.791014
0.790032
0.789048
0.788066
0.787086
0.786113
0.785148
0.784193
0.783251
0.782324
0.781414
0.780525
0.77966
0.77882
0.778011
0.777233
0.77649
0.775787
0.775124
0.774506
0.773934
0.773413
0.772945
0.772531
0.772176
0.771883
0.771654
0.77149
0.771395
0.771369
0.771416
0.771536
0.771732
0.772005
0.772355
0.772784
0.773291
0.773878
0.774545
0.775293
0.77612
0.777026
0.778011
0.779073
0.780211
0.781424
0.782709
0.784064
0.785488
0.786976
0.788528
0.790141
0.791811
0.793535
0.795311
0.797132
0.798997
0.800902
0.802843
0.804817
0.806818
0.808843
0.810887
0.812947
0.815019
0.8171
0.819185
0.821269
0.82335
0.825423
0.827484
0.82953
0.831558
0.833565
0.835547
0.837501
0.839423
0.841309
0.843159
0.84497
0.846738
0.848463
0.85014
0.85177
0.853349
0.854877
0.856351
0.85777
0.859133
0.860441
0.861691
0.862883
0.864016
0.86509
0.866105
0.867063
0.867961
0.8688
0.86958
0.870302
0.870967
0.871575
0.872128
0.872627
0.873072
0.873464
0.873806
0.874098
0.874341
0.874538
0.874689
0.874798
0.874863
0.874889
0.874876
0.874827
0.874744
0.874628
0.874484
0.874313
0.874115
0.873894
0.873652
0.873391
0.873112
0.872816
0.872507
0.872185
0.871855
0.871516
0.871172
0.870824
0.870473
0.870121
0.86977
0.869422
0.869078
0.868739
0.868405
0.868076
0.867753
0.867436
0.867126
0.866823
0.866527
0.866238
0.865957
0.865683
0.865416
0.865155
0.864898
0.864647
0.8644
0.864154
0.86391
0.863666
0.863422
0.863176
0.862927
0.862674
0.862415
0.862149
0.861874
0.861591
0.861297
0.860991
0.860673
0.860342
0.859998
0.859638
0.859263
0.858872
0.858463
0.858038
0.857594
0.857133
0.856653
0.856154
0.855636
0.855101
0.854546
0.853975
0.853386
0.85278
0.852159
0.851523
0.850871
0.850206
0.849528
0.84884
0.848143
0.847436
0.846722
0.846001
0.845276
0.844545
0.843811
0.843074
0.842337
0.841599
0.840862
0.840127
0.839393
0.838662
0.837935
0.837211
0.836491
0.835774
0.835061
0.834351
0.833644
0.832939
0.832237
0.831538
0.830841
0.830145
0.829447
0.828748
0.828048
0.827343
0.826633
0.825917
0.825193
0.824459
0.823715
0.82296
0.822192
0.821411
0.820615
0.819803
0.818974
0.818126
0.81726
0.816374
0.815469
0.814542
0.813594
0.812624
0.811631
0.810615
0.809577
0.808516
0.807433
0.806329
0.805204
0.804059
0.802894
0.80171
0.800507
0.799286
0.79805
0.7968
0.795537
0.794262
0.792977
0.791683
0.790381
0.789073
0.787761
0.786446
0.785131
0.783818
0.782509
0.781205
0.779909
0.778621
0.777345
0.776081
0.774833
0.773601
0.772387
0.771193
0.770021
0.768874
0.767752
0.766659
0.765596
0.764563
0.763563
0.762596
0.761663
0.760767
0.759909
0.759089
0.75831
0.757572
0.756876
0.756224
0.755615
0.755052
0.754534
0.754062
0.753636
0.753257
0.752924
0.752639
0.7524
0.752209
0.752066
0.751971
0.751922
0.751919
0.751963
0.752051
0.752184
0.75236
0.75258
0.752841
0.753144
0.753487
0.753869
0.75429
0.754749
0.755243
0.755773
0.756337
0.756934
0.757563
0.758221
0.758909
0.759625
0.760367
0.761135
0.761929
0.762746
0.763586
0.764448
0.765333
0.766238
0.767162
0.768104
0.769064
0.77004
0.771033
0.772042
0.773066
0.774105
0.775158
0.776225
0.777306
0.7784
0.779508
0.78063
0.781766
0.782915
0.784076
0.785252
0.786441
0.787643
0.788858
0.790086
0.791327
0.792583
0.793851
0.795133
0.796426
0.797733
0.799052
0.800383
0.801725
0.803076
0.804437
0.805807
0.807185
0.808571
0.809963
0.81136
0.812762
0.814167
0.815573
0.816979
0.818384
0.819786
0.821183
0.822573
0.823955
0.825327
0.826688
0.828034
0.829365
0.830679
0.831975
0.83325
0.834501
0.835728
0.836928
0.8381
0.839239
0.840345
0.841417
0.842451
0.843447
0.844401
0.845313
0.84618
0.847002
0.847777
0.848504
0.849181
0.849806
0.85038
0.850899
0.851365
0.851777
0.852134
0.852434
0.852677
0.852863
0.852992
0.853063
0.853074
0.853027
0.852921
0.852757
0.852535
0.852255
0.851918
0.851525
0.851075
0.850569
0.850009
0.849395
0.848729
0.848011
0.847242
0.846422
0.845552
0.844632
0.843664
0.842649
0.841589
0.840483
0.839334
0.838141
0.836906
0.83563
0.834314
0.83296
0.831569
0.830141
0.828677
0.827178
0.825648
0.824085
0.82249
0.820864
0.819208
0.817524
0.815813
0.814075
0.81231
0.810521
0.808709
0.806875
0.805021
0.803148
0.801257
0.799351
0.797432
0.795499
0.793556
0.791604
0.789645
0.787679
0.78571
0.783739
0.781768
0.779799
0.777834
0.775877
0.773929
0.771992
0.770069
0.768162
0.766273
0.764406
0.762563
0.760746
0.758958
0.7572
0.755476
0.753789
0.75214
0.750531
0.748965
0.747443
0.745969
0.744544
0.743171
0.741852
0.740588
0.739382
0.738237
0.737153
0.736134
0.735181
0.734296
0.733481
0.732736
0.732065
0.731468
0.730946
0.730499
0.73013
0.729838
0.729625
0.729492
0.729439
0.729468
0.729579
0.729773
0.730051
0.730412
0.730856
0.731382
0.731991
0.732682
0.733454
0.734308
0.735241
0.736254
0.737344
0.738511
0.739754
0.741069
0.742458
0.743916
0.745443
0.747037
0.748694
0.750413
0.752192
0.754029
0.755919
0.757862
0.759854
0.761893
0.763975
0.766098
0.768259
0.770454
0.772682
0.774939
0.777222
0.779528
0.781853
0.784196
0.786552
0.788919
0.791294
0.793673
0.796053
0.798432
0.800806
0.803174
0.805532
0.807878
0.810209
0.812523
0.814817
0.817089
0.819337
0.821558
0.823749
0.825909
0.828036
0.830129
0.832184
0.834202
0.83618
0.838117
0.840013
0.841865
0.843673
0.845434
0.847147
0.848814
0.850434
0.852005
0.853528
0.855
0.856422
0.857793
0.859112
0.860381
0.861598
0.862764
0.86388
0.864945
0.86596
0.866926
0.867843
0.868713
0.869536
0.870313
0.871044
0.871731
0.872374
0.872974
0.873533
0.87405
0.874527
0.874965
0.875365
0.875728
0.876055
0.876347
0.876606
0.876831
0.877026
0.877191
0.877328
0.877439
0.877526
0.87759
0.877632
0.877652
0.877651
0.877631
0.877593
0.877538
0.877467
0.877381
0.877282
0.877169
0.877046
0.876912
0.876769
0.876617
0.876458
0.876291
0.876119
0.875941
0.875758
0.87557
0.875378
0.875181
0.874981
0.874776
0.874569
0.874359
0.874147
0.873934
0.87372
0.873504
0.873287
0.873069
0.872851
0.872632
0.872412
0.872191
0.87197
0.871749
0.871528
0.871307
0.871087
0.870868
0.87065
0.870433
0.870218
0.870004
0.869791
0.869579
0.869368
0.869159
0.868951
0.868744
0.868537
0.868331
0.868127
0.867925
0.867724
0.867524
0.867324
0.867123
0.866923
0.866722
0.866522
0.86632
0.866117
0.865912
0.865705
0.865495
0.865283
0.865068
0.86485
0.864627
0.864398
0.864163
0.863923
0.863675
0.863418
0.863153
0.862879
0.862595
0.8623
0.861992
0.861671
0.861336
0.860987
0.860623
0.860242
0.859843
0.859427
0.858992
0.858538
0.858063
0.857567
0.857048
0.856506
0.855938
0.855345
0.854728
0.854084
0.853413
0.852715
0.851989
0.851233
0.850448
0.849631
0.848784
0.847904
0.846992
0.846046
0.845068
0.844056
0.843013
0.841937
0.840826
0.839682
0.838505
0.837294
0.83605
0.834773
0.833462
0.832119
0.830743
0.829336
0.827898
0.826428
0.824929
0.8234
0.821844
0.82026
0.818651
0.817016
0.815356
0.813672
0.811967
0.81024
0.808494
0.806731
0.804952
0.803157
0.801349
0.79953
0.7977
0.795861
0.794016
0.792165
0.790311
0.788455
0.7866
0.784747
0.782897
0.781052
0.779214
0.777387
0.77557
0.773766
0.771976
0.770203
0.768448
0.766714
0.765001
0.76331
0.761644
0.760003
0.758388
0.756801
0.755244
0.753719
0.752228
0.750771
0.749349
0.747962
0.746613
0.745302
0.744029
0.742797
0.741604
0.740453
0.739344
0.738279
0.737256
0.736279
0.735347
0.734462
0.733623
0.732831
0.732086
0.731389
0.73074
0.73014
0.729588
0.729086
0.728633
0.728229
0.727875
0.727569
0.727314
0.727107
0.726949
0.72684
0.72678
0.726768
0.726804
0.726888
0.727019
0.727198
0.727423
0.727694
0.728011
0.728372
0.728777
0.729224
0.729712
0.730242
0.73081
0.731418
0.732064
0.732746
0.733463
0.734214
0.734997
0.735811
0.736655
0.737526
0.738424
0.739347
0.740294
0.741263
0.742253
0.74326
0.744284
0.745323
0.746376
0.747441
0.748517
0.749602
0.750695
0.751793
0.752895
0.753999
0.755105
0.756211
0.757315
0.758415
0.75951
0.760599
0.761679
0.76275
0.763811
0.764858
0.765892
0.76691
0.767912
0.768897
0.769862
0.770808
0.771733
0.772636
0.773516
0.774372
0.775205
0.776011
0.776792
0.777546
0.778272
0.77897
0.779639
0.780278
0.780887
0.781465
0.782012
0.782527
0.78301
0.783461
0.783878
0.784262
0.784613
0.784931
0.785214
0.785464
0.785679
0.785861
0.786009
0.786124
0.786205
0.786251
0.786264
0.786242
0.786187
0.786098
0.785976
0.78582
0.785632
0.78541
0.785156
0.784869
0.784551
0.784202
0.783822
0.783411
0.78297
0.782498
0.781998
0.781468
0.780911
0.780325
0.779712
0.779073
0.778409
0.777721
0.77701
0.776278
0.775525
0.774753
0.773962
0.773153
0.772327
0.771485
0.770629
0.769761
0.768882
0.767993
0.767097
0.766195
0.76529
0.764383
0.763475
0.762569
0.761666
0.760768
0.759877
0.758995
0.758125
0.75727
0.756431
0.755611
0.75481
0.754031
0.753276
0.752546
0.751846
0.751178
0.750543
0.749941
0.749375
0.748848
0.748361
0.747916
0.747514
0.747157
0.746847
0.746584
0.746369
0.746203
0.746087
0.746022
0.746009
0.746047
0.746139
0.746283
0.746481
0.746732
0.747036
0.747393
0.747803
0.748264
0.748776
0.749341
0.749956
0.750622
0.751335
0.752097
0.752905
0.753759
0.754657
0.755599
0.756583
0.757607
0.75867
0.759769
0.760904
0.762073
0.763276
0.76451
0.765774
0.767066
0.768384
0.769727
0.771093
0.772481
0.773888
0.775313
0.776755
0.778212
0.779681
0.781163
0.782655
0.784157
0.785667
0.787185
0.788708
0.790237
0.791768
0.7933
0.794831
0.796362
0.797892
0.799418
0.800939
0.802454
0.803961
0.80546
0.806949
0.808429
0.809896
0.81135
0.81279
0.814214
0.815623
0.817014
0.818386
0.819739
0.82107
0.82238
0.823666
0.824929
0.826168
0.827381
0.828566
0.829723
0.830852
0.831951
0.833018
0.834052
0.835053
0.83602
0.836951
0.837846
0.838704
0.839524
0.840305
0.841047
0.841747
0.842406
0.843023
0.843597
0.844128
0.844614
0.845056
0.845453
0.845805
0.846112
0.846373
0.846589
0.846759
0.846885
0.846965
0.847
0.84699
0.846934
0.846832
0.846686
0.846495
0.846261
0.845984
0.845664
0.845303
0.844902
0.844461
0.843983
0.843467
0.842915
0.842327
0.841705
0.84105
0.840364
0.83965
0.838908
0.838139
0.837345
0.836526
0.835685
0.834823
0.833944
0.833047
0.832134
0.831208
0.830269
0.829319
0.82836
0.827393
0.826421
0.825445
0.824467
0.823487
0.822507
0.82153
0.820557
0.819588
0.818626
0.817672
0.816727
0.815794
0.814873
0.813965
0.813073
0.812195
0.811335
0.810493
0.809669
0.808866
0.808084
0.807325
0.806589
0.805878
0.805192
0.804533
0.803901
0.803298
0.802727
0.802186
0.801677
0.801199
0.800754
0.800342
0.799965
0.799623
0.799318
0.79905
0.79882
0.798629
0.798477
0.798364
0.798292
0.798263
0.798277
0.798334
0.798436
0.798583
0.798774
0.79901
0.799291
0.799619
0.799993
0.800415
0.800883
0.8014
0.801964
0.802577
0.803237
0.803944
0.804698
0.805499
0.806346
0.80724
0.80818
0.809168
0.810201
0.811278
0.812397
0.813558
0.81476
0.816002
0.817282
0.818598
0.819949
0.821336
0.822753
0.8242
0.825674
0.827175
0.828699
0.830246
0.831812
0.833396
0.834995
0.836606
0.838228
0.839858
0.841493
0.843132
0.844772
0.846413
0.84805
0.849681
0.851303
0.852914
0.854512
0.856094
0.857659
0.859203
0.860725
0.862223
0.863695
0.865138
0.866553
0.867939
0.869292
0.87061
0.871891
0.873135
0.874339
0.875502
0.876625
0.877704
0.87874
0.879731
0.880676
0.881576
0.882429
0.883236
0.883995
0.884706
0.885366
0.885978
0.886539
0.887051
0.887515
0.88793
0.888296
0.888611
0.888877
0.889094
0.889262
0.889381
0.88945
0.889469
0.88944
0.889361
0.889233
0.889057
0.888834
0.888563
0.888246
0.887882
0.887471
0.887013
0.88651
0.88596
0.885366
0.884726
0.884044
0.883317
0.882548
0.881736
0.880881
0.879984
0.879045
0.878065
0.877043
0.875981
0.87488
0.873741
0.872564
0.871349
0.870098
0.868809
0.867482
0.86612
0.864721
0.86329
0.861825
0.860327
0.858797
0.857235
0.855642
0.854019
0.852367
0.850687
0.84898
0.847246
0.845486
0.843701
0.841893
0.840064
0.838213
0.836341
0.83445
0.832542
0.830619
0.828681
0.82673
0.824765
0.822789
0.820803
0.818808
0.816806
0.814798
0.812785
0.81077
0.808753
0.806737
0.804723
0.802714
0.80071
0.798712
0.796723
0.794744
0.792778
0.790826
0.78889
0.786972
0.785074
0.783196
0.78134
0.779508
0.777702
0.775923
0.774174
0.772456
0.77077
0.769118
0.767501
0.765921
0.764381
0.762881
0.761423
0.760008
0.758638
0.757314
0.756039
0.754811
0.753633
0.752508
0.751435
0.750415
0.74945
0.74854
0.747686
0.746889
0.746151
0.745471
0.74485
0.744289
0.743789
0.743349
0.742969
0.742652
0.742396
0.742202
0.74207
0.741998
0.741987
0.742036
0.742145
0.742313
0.742539
0.742823
0.743163
0.743558
0.744007
0.744508
0.745062
0.745665
0.746316
0.747014
0.747756
0.748542
0.749368
0.750232
0.751133
0.752069
0.753037
0.754035
0.75506
0.756111
0.757186
0.758282
0.759397
0.760527
0.76167
0.762824
0.763987
0.765156
0.766329
0.767504
0.768677
0.76985
0.771018
0.77218
0.773333
0.774476
0.775606
0.776722
0.777822
0.778906
0.779971
0.781018
0.782044
0.783049
0.784031
0.784991
0.785928
0.786842
0.787732
0.7886
0.789444
0.790266
0.791066
0.791842
0.792596
0.793329
0.794042
0.794735
0.79541
0.796067
0.796709
0.797337
0.797952
0.798555
0.799148
0.799733
0.80031
0.800883
0.801453
0.802022
0.802591
0.803162
0.803734
0.804311
0.804893
0.805483
0.806082
0.806691
0.807311
0.807943
0.808588
0.809249
0.809927
0.810622
0.811335
0.812065
0.812815
0.813582
0.814368
0.815172
0.815994
0.816834
0.817693
0.818569
0.819461
0.82037
0.821295
0.822235
0.823189
0.824156
0.825135
0.826124
0.827123
0.82813
0.829144
0.830164
0.831191
0.832222
0.833257
0.834293
0.83533
0.836367
0.837403
0.838435
0.839462
0.840484
0.841499
0.842506
0.843505
0.844494
0.845473
0.84644
0.847393
0.848333
0.849259
0.850169
0.851064
0.851942
0.852803
0.853646
0.854469
0.855273
0.856057
0.85682
0.857563
0.858283
0.858981
0.859656
0.860308
0.860938
0.861545
0.862128
0.862687
0.863222
0.863731
0.864215
0.864674
0.865108
0.865517
0.8659
0.866259
0.866591
0.866897
0.867179
0.867435
0.867668
0.867875
0.868057
0.868214
0.868345
0.868451
0.868532
0.868587
0.86862
0.868629
0.868614
0.868576
0.868515
0.868432
0.868326
0.868198
0.868047
0.867876
0.867684
0.867471
0.86724
0.86699
0.866723
0.866438
0.866137
0.865823
0.865493
0.86515
0.864795
0.864428
0.864049
0.863659
0.86326
0.862852
0.862436
0.862013
0.861583
0.861148
0.860708
0.860265
0.859819
0.859373
0.858925
0.858476
0.858028
0.857581
0.857135
0.856691
0.856251
0.855813
0.855379
0.854949
0.854523
0.854101
0.853684
0.853273
0.852867
0.852466
0.852069
0.851677
0.851288
0.850902
0.85052
0.85014
0.849763
0.84939
0.849017
0.848645
0.848273
0.8479
0.847526
0.847149
0.846769
0.846385
0.845996
0.845601
0.845198
0.844786
0.844364
0.843931
0.843486
0.843029
0.842557
0.84207
0.841566
0.841044
0.840503
0.839942
0.839361
0.838759
0.838135
0.837488
0.836816
0.836117
0.835393
0.834642
0.833864
0.833059
0.832226
0.831364
0.830472
0.829551
0.828601
0.827621
0.826611
0.825572
0.824504
0.823407
0.822282
0.821131
0.819952
0.818747
0.817516
0.816259
0.814978
0.813674
0.812347
0.810999
0.80963
0.808243
0.806837
0.805414
0.803976
0.802523
0.801056
0.799578
0.79809
0.796594
0.795091
0.793582
0.792068
0.790553
0.789036
0.787519
0.786004
0.784493
0.782987
0.781488
0.779998
0.778518
0.77705
0.775595
0.774155
0.77273
0.771322
0.769932
0.768561
0.767212
0.765885
0.764581
0.763301
0.762046
0.760817
0.759615
0.758442
0.757296
0.756179
0.755092
0.754034
0.753008
0.752012
0.751049
0.750116
0.749216
0.748347
0.74751
0.746705
0.745932
0.745191
0.74448
0.743801
0.743153
0.742534
0.741945
0.741385
0.740854
0.740351
0.739876
0.739428
0.739007
0.738612
0.738242
0.737897
0.737576
0.73728
0.737007
0.736756
0.736527
0.736321
0.736136
0.735971
0.735826
0.735701
0.735594
0.735507
0.735439
0.735389
0.735357
0.735344
0.735349
0.735373
0.735416
0.735479
0.73556
0.735662
0.735784
0.735926
0.73609
0.736276
0.736484
0.736715
0.73697
0.737251
0.737559
0.737893
0.738256
0.738647
0.739069
0.739524
0.74001
0.740531
0.741085
0.741673
0.742298
0.742961
0.743661
0.744399
0.745176
0.745992
0.746848
0.747744
0.748681
0.74966
0.75068
0.751741
0.752843
0.753986
0.755169
0.756392
0.757655
0.758956
0.760294
0.761669
0.76308
0.764524
0.766001
0.767509
0.769046
0.77061
0.772199
0.773812
0.775446
0.777098
0.778768
0.780451
0.782145
0.783848
0.785557
0.78727
0.788985
0.790698
0.792406
0.794107
0.795797
0.797475
0.799137
0.80078
0.802402
0.803999
0.80557
0.807111
0.808621
0.810097
0.811535
0.812934
0.814291
0.815603
0.816868
0.818085
0.819252
0.820368
0.821431
0.822438
0.823389
0.824283
0.825118
0.825893
0.826609
0.827263
0.827856
0.828386
0.828854
0.82926
0.829602
0.829882
0.8301
0.830256
0.830351
0.830386
0.830362
0.83028
0.83014
0.829945
0.829694
0.82939
0.829032
0.828624
0.828166
0.827661
0.827109
0.826513
0.825875
0.825196
0.824479
0.823726
0.82294
0.822121
0.821273
0.820398
0.8195
0.81858
0.817641
0.816684
0.815713
0.814728
0.813732
0.812728
0.81172
0.810706
0.809692
0.808678
0.807667
0.806661
0.805662
0.804671
0.803691
0.802724
0.801773
0.80084
0.799925
0.79903
0.798158
0.797308
0.796484
0.795688
0.794921
0.794185
0.793481
0.792809
0.792171
0.791568
0.791002
0.790474
0.789984
0.789534
0.789124
0.788754
0.788426
0.788139
0.787895
0.787694
0.787536
0.787422
0.787353
0.787328
0.787347
0.787412
0.787523
0.78768
0.787881
0.788126
0.788416
0.788749
0.789125
0.789545
0.790008
0.790514
0.791062
0.791651
0.792281
0.792952
0.793661
0.79441
0.795196
0.796019
0.796879
0.797775
0.798704
0.799668
0.800666
0.801696
0.802758
0.80385
0.804973
0.806124
0.807302
0.808508
0.809738
0.810994
0.812274
0.813577
0.814902
0.816247
0.817611
0.818994
0.820395
0.821811
0.823244
0.824691
0.826151
0.827624
0.829108
0.830602
0.832105
0.833616
0.835134
0.836657
0.838185
0.839716
0.841248
0.842781
0.844312
0.845843
0.847372
0.848897
0.850417
0.851931
0.853436
0.854932
0.856418
0.857894
0.859356
0.860802
0.862232
0.863644
0.865037
0.866409
0.86776
0.869088
0.870391
0.871667
0.872915
0.874134
0.875321
0.876476
0.877596
0.878682
0.87973
0.880742
0.881714
0.882647
0.883537
0.884385
0.88519
0.885949
0.886662
0.88733
0.88795
0.888521
0.889045
0.88952
0.889945
0.890321
0.890647
0.890921
0.891144
0.891315
0.891433
0.891499
0.891513
0.891475
0.891385
0.891243
0.891051
0.890808
0.890516
0.890173
0.889784
0.889348
0.888865
0.888337
0.887765
0.887148
0.88649
0.88579
0.88505
0.884273
0.883459
0.882609
0.881725
0.880809
0.879863
0.878887
0.877883
0.876853
0.875798
0.874721
0.873622
0.872504
0.87137
0.870219
0.869055
0.867878
0.866692
0.865497
0.864296
0.86309
0.86188
0.860669
0.859458
0.85825
0.857044
0.855844
0.854653
0.85347
0.852297
0.851136
0.849987
0.848853
0.847733
0.846631
0.845548
0.844485
0.84344
0.842416
0.841414
0.840434
0.839478
0.838546
0.837641
0.836761
0.835907
0.835079
0.834277
0.833502
0.832754
0.832034
0.831341
0.830674
0.830035
0.829422
0.828836
0.828276
0.827743
0.827236
0.826754
0.826297
0.825862
0.82545
0.82506
0.824691
0.824342
0.824012
0.823699
0.823403
0.823123
0.822858
0.822605
0.822364
0.822132
0.821908
0.82169
0.821476
0.821266
0.821056
0.820847
0.820635
0.820419
0.820196
0.819966
0.819726
0.819476
0.819212
0.818934
0.818639
0.818326
0.817994
0.817641
0.817265
0.816866
0.816443
0.815993
0.815516
0.815011
0.814476
0.81391
0.813314
0.812686
0.812026
0.811335
0.810611
0.809854
0.809065
0.808245
0.807392
0.806508
0.805594
0.804648
0.803674
0.80267
0.801639
0.800583
0.799503
0.798399
0.797273
0.796127
0.794961
0.793779
0.792581
0.79137
0.79015
0.788922
0.787689
0.786452
0.785215
0.783979
0.782748
0.781523
0.780307
0.779103
0.777912
0.776736
0.775579
0.774443
0.773332
0.772247
0.771189
0.770162
0.769167
0.768208
0.767284
0.766398
0.765552
0.764748
0.763987
0.763271
0.762602
0.761979
0.761406
0.760881
0.760407
0.759982
0.759609
0.759288
0.75902
0.758804
0.758642
0.758532
0.758474
0.758466
0.75851
0.758604
0.758748
0.75894
0.75918
0.759467
0.759799
0.760174
0.760592
0.761052
0.761552
0.762091
0.762667
0.763277
0.763919
0.764592
0.765296
0.766026
0.766782
0.767562
0.768363
0.769183
0.770022
0.770876
0.771743
0.772621
0.77351
0.774406
0.775307
0.776211
0.777118
0.778024
0.77893
0.779832
0.780729
0.781621
0.782504
0.783378
0.784243
0.785096
0.785937
0.786766
0.78758
0.78838
0.789164
0.789931
0.790682
0.791415
0.792131
0.792828
0.793506
0.794165
0.794804
0.795422
0.79602
0.796597
0.797152
0.797686
0.798199
0.798692
0.799163
0.799613
0.800042
0.800452
0.800842
0.801213
0.801564
0.801895
0.802208
0.802503
0.80278
0.803039
0.803281
0.803507
0.803715
0.803908
0.804085
0.804245
0.804391
0.804521
0.804637
0.804739
0.804829
0.804907
0.804971
0.805024
0.805066
0.805096
0.805116
0.805126
0.805126
0.805115
0.805094
0.805065
0.805028
0.80498
0.804924
0.804861
0.80479
0.80471
0.804623
0.804528
0.804426
0.804315
0.804197
0.804072
0.803939
0.803799
0.803653
0.8035
0.80334
0.803175
0.803004
0.802827
0.802646
0.80246
0.802269
0.802074
0.801873
0.801668
0.80146
0.801249
0.801034
0.800817
0.800597
0.800374
0.800149
0.799923
0.799696
0.799468
0.79924
0.799011
0.798784
0.798558
0.798332
0.798108
0.797887
0.797669
0.797456
0.797247
0.797045
0.796847
0.796657
0.796476
0.796303
0.79614
0.795987
0.795846
0.795717
0.795601
0.7955
0.795413
0.795342
0.795286
0.795249
0.795229
0.795228
0.795247
0.795285
0.795345
0.795428
0.795534
0.795664
0.795818
0.795998
0.796202
0.796433
0.796689
0.796971
0.79728
0.797614
0.797975
0.798362
0.798776
0.799215
0.799679
0.800169
0.800683
0.801222
0.801783
0.802368
0.802976
0.803605
0.804256
0.804926
0.805616
0.806323
0.807046
0.807786
0.808541
0.809309
0.81009
0.810881
0.811682
0.812491
0.813307
0.814127
0.814952
0.81578
0.816609
0.817438
0.818265
0.819091
0.819912
0.820729
0.82154
0.822344
0.823141
0.823929
0.824707
0.825475
0.82623
0.826974
0.827705
0.828422
0.829127
0.829817
0.830493
0.831154
0.831801
0.83243
0.833045
0.833646
0.834232
0.834802
0.835358
0.835899
0.836425
0.836937
0.837435
0.83792
0.838391
0.83885
0.839297
0.839733
0.840158
0.840574
0.840981
0.841381
0.841775
0.842163
0.842545
0.842923
0.843298
0.843671
0.844042
0.844413
0.844785
0.845156
0.845529
0.845902
0.846278
0.846657
0.847041
0.847429
0.847821
0.848216
0.848616
0.84902
0.849428
0.84984
0.850255
0.850673
0.851092
0.851514
0.851937
0.85236
0.852784
0.853206
0.853625
0.854039
0.854448
0.854851
0.855245
0.855629
0.856002
0.856361
0.856704
0.85703
0.857336
0.85762
0.85788
0.858115
0.858324
0.858504
0.858653
0.858769
0.858849
0.858891
0.858894
0.858856
0.858774
0.858647
0.858473
0.85825
0.857977
0.857652
0.857275
0.856844
0.856358
0.855815
0.855215
0.854556
0.853839
0.853062
0.852227
0.851333
0.850378
0.849363
0.848288
0.847153
0.845959
0.844705
0.843394
0.842026
0.840602
0.839124
0.837591
0.836007
0.834371
0.832688
0.830956
0.82918
0.827362
0.825502
0.823603
0.821668
0.819699
0.817698
0.815668
0.813612
0.811532
0.809431
0.807313
0.80518
0.803035
0.800881
0.79872
0.796555
0.79439
0.792228
0.790071
0.787922
0.785784
0.78366
0.781552
0.779465
0.7774
0.77536
0.773348
0.771366
0.769416
0.767502
0.765625
0.763787
0.761992
0.760241
0.758535
0.756878
0.75527
0.753712
0.752207
0.750756
0.74936
0.74802
0.746736
0.74551
0.744342
0.743233
0.742183
0.741193
0.740264
0.739394
0.738586
0.737838
0.737149
0.736519
0.735949
0.735437
0.734983
0.734588
0.734248
0.733965
0.733737
0.733564
0.733444
0.733376
0.73336
0.733394
0.733477
0.733608
0.733787
0.734012
0.734282
0.734596
0.734953
0.735352
0.735792
0.736273
0.736792
0.737349
0.737946
0.738582
0.739254
0.739963
0.740706
0.741485
0.742298
0.743145
0.744025
0.744939
0.745886
0.746865
0.747875
0.748917
0.74999
0.751093
0.752226
0.753387
0.754577
0.755795
0.75704
0.758311
0.759608
0.76093
0.762276
0.763644
0.765034
0.766444
0.767873
0.76932
0.770783
0.772262
0.773755
0.77526
0.776775
0.778299
0.779829
0.781365
0.782905
0.784447
0.785988
0.787528
0.789065
0.790596
0.79212
0.793634
0.795136
0.796624
0.798097
0.799551
0.800986
0.802398
0.803786
0.805149
0.806485
0.807792
0.809068
0.810313
0.811525
0.812701
0.813841
0.814944
0.816008
0.817033
0.818019
0.818964
0.819866
0.820725
0.82154
0.822311
0.823036
0.823717
0.824352
0.824941
0.825484
0.82598
0.826432
0.826838
0.8272
0.827516
0.827787
0.828012
0.828192
0.828326
0.828416
0.828462
0.828464
0.828424
0.828341
0.828215
0.828047
0.827837
0.827587
0.827297
0.826967
0.826597
0.826189
0.825745
0.825263
0.824746
0.824194
0.823608
0.822988
0.822334
0.821649
0.820932
0.820185
0.819409
0.818604
0.817772
0.816915
0.816032
0.815126
0.814196
0.813245
0.812273
0.811283
0.810274
0.80925
0.80821
0.807158
0.806095
0.805022
0.803941
0.802855
0.801763
0.800669
0.799574
0.798478
0.797385
0.796296
0.795213
0.794138
0.793074
0.792023
0.790986
0.789965
0.788962
0.787979
0.787017
0.78608
0.785169
0.784286
0.783434
0.782615
0.781829
0.781079
0.780366
0.779692
0.779059
0.778468
0.777921
0.77742
0.776967
0.776561
0.776206
0.775901
0.775647
0.775447
0.775301
0.77521
0.775175
0.775196
0.775273
0.775407
0.775598
0.775846
0.776152
0.776515
0.776936
0.777414
0.777949
0.778541
0.779188
0.779891
0.78065
0.781462
0.782327
0.783243
0.784211
0.785229
0.786296
0.78741
0.78857
0.789774
0.791018
0.792303
0.793627
0.794988
0.796382
0.797809
0.799267
0.800753
0.802265
0.803801
0.805357
0.806932
0.808523
0.810128
0.811746
0.813372
0.815006
0.816644
0.818282
0.819918
0.821551
0.823178
0.824796
0.826403
0.827996
0.829572
0.831131
0.832669
0.834184
0.835675
0.837139
0.838573
0.839975
0.841344
0.842678
0.843976
0.845235
0.846454
0.847632
0.848767
0.849859
0.850908
0.851913
0.852872
0.853786
0.854653
0.855473
0.856246
0.856973
0.857653
0.858286
0.858874
0.859417
0.859915
0.860368
0.860778
0.861146
0.861472
0.861757
0.862003
0.86221
0.862379
0.862511
0.862607
0.862668
0.862696
0.862692
0.862656
0.86259
0.862495
0.862372
0.862222
0.862047
0.861846
0.861618
0.861366
0.86109
0.86079
0.860467
0.86012
0.859751
0.859359
0.858944
0.858507
0.858048
0.857568
0.857066
0.856542
0.855995
0.855426
0.854834
0.854218
0.853578
0.852916
0.85223
0.851521
0.850788
0.850031
0.849249
0.848444
0.847614
0.84676
0.845883
0.844983
0.844059
0.843112
0.842141
0.841147
0.84013
0.839091
0.838028
0.836945
0.835843
0.834721
0.833578
0.832417
0.831237
0.83004
0.828825
0.827596
0.826354
0.825099
0.82383
0.822549
0.821256
0.819955
0.818645
0.817327
0.816004
0.814675
0.813344
0.81201
0.810676
0.809344
0.808016
0.806691
0.805372
0.804058
0.802753
0.801456
0.80017
0.798895
0.797633
0.796386
0.795155
0.793941
0.792745
0.79157
0.790417
0.789286
0.788179
0.787095
0.786037
0.785005
0.784
0.783023
0.782073
0.781153
0.780263
0.779401
0.778569
0.777767
0.776994
0.776251
0.775539
0.774856
0.774203
0.77358
0.772987
0.772422
0.771885
0.771376
0.770892
0.770435
0.770003
0.769597
0.769214
0.768855
0.768518
0.768201
0.767903
0.767625
0.767365
0.767122
0.766895
0.766682
0.766483
0.766296
0.766121
0.765955
0.7658
0.765653
0.765515
0.765385
0.765263
0.765147
0.765037
0.764933
0.764834
0.764742
0.764655
0.764572
0.764495
0.764423
0.764358
0.764298
0.764245
0.764199
0.76416
0.764129
0.764107
0.764096
0.764095
0.764106
0.764128
0.764164
0.764215
0.764282
0.764367
0.764469
0.764591
0.764736
0.764904
0.765095
0.765313
0.765557
0.76583
0.766131
0.766462
0.766824
0.767218
0.767644
0.768104
0.768599
0.769128
0.769693
0.770293
0.77093
0.771602
0.772312
0.773059
0.773844
0.774666
0.775526
0.776421
0.777352
0.778318
0.779319
0.780354
0.781422
0.782524
0.783657
0.784821
0.786014
0.787237
0.788487
0.789765
0.791068
0.792396
0.793747
0.79512
0.796515
0.797929
0.799361
0.800811
0.802277
0.803758
0.805253
0.806762
0.808281
0.809811
0.811352
0.812901
0.814456
0.816018
0.817585
0.819157
0.820732
0.822309
0.823887
0.825466
0.827047
0.828628
0.830207
0.831785
0.83336
0.834931
0.836496
0.838056
0.839609
0.841155
0.842692
0.84422
0.845739
0.847249
0.848748
0.850235
0.85171
0.85317
0.854616
0.856047
0.85746
0.858858
0.860238
0.8616
0.86294
0.86426
0.865557
0.866832
0.868082
0.869307
0.870505
0.871675
0.872815
0.873925
0.875004
0.876052
0.877065
0.878045
0.878988
0.879894
0.88076
0.881587
0.882373
0.883117
0.883817
0.884473
0.885083
0.885648
0.886166
0.886637
0.887059
0.887429
0.887749
0.888016
0.888232
0.888395
0.888506
0.888563
0.888565
0.888513
0.888408
0.888248
0.888034
0.887763
0.887438
0.887059
0.886625
0.886136
0.885593
0.884997
0.884349
0.88365
0.882901
0.882101
0.881254
0.880361
0.879423
0.878442
0.877419
0.876356
0.875255
0.874117
0.872946
0.871742
0.870509
0.869248
0.867961
0.866653
0.865326
0.863981
0.862621
0.861249
0.859869
0.858481
0.85709
0.855698
0.854308
0.852921
0.85154
0.850168
0.848808
0.847461
0.846133
0.844824
0.843535
0.842271
0.841033
0.839821
0.838637
0.837483
0.83636
0.835269
0.834213
0.833192
0.832208
0.83126
0.830349
0.829476
0.82864
0.827843
0.827086
0.826369
0.825691
0.825051
0.82445
0.823887
0.82336
0.822869
0.822413
0.821991
0.821603
0.821245
0.820918
0.82062
0.820348
0.820104
0.819885
0.819689
0.819516
0.819362
0.819227
0.819109
0.819007
0.818919
0.818845
0.818782
0.818729
0.818682
0.81864
0.818603
0.818567
0.818532
0.818496
0.818456
0.818413
0.818363
0.818307
0.818242
0.818167
0.81808
0.817981
0.817868
0.81774
0.817595
0.817432
0.817251
0.817049
0.816826
0.816581
0.816312
0.816021
0.815707
0.815367
0.815001
0.814609
0.814189
0.813742
0.813266
0.812763
0.812232
0.811673
0.811085
0.810469
0.809824
0.809149
0.808446
0.807715
0.806957
0.806172
0.805361
0.804525
0.803664
0.802778
0.80187
0.800939
0.799987
0.799016
0.798026
0.79702
0.795999
0.794964
0.793917
0.792858
0.791791
0.790716
0.789636
0.788552
0.787466
0.786378
0.785292
0.784208
0.78313
0.782058
0.780994
0.779942
0.778901
0.777875
0.776865
0.775873
0.7749
0.773947
0.773018
0.772112
0.771232
0.770378
0.769552
0.768754
0.767986
0.767249
0.766545
0.765873
0.765234
0.764628
0.764055
0.763517
0.763013
0.762544
0.76211
0.76171
0.761345
0.761014
0.760716
0.760452
0.760221
0.760023
0.759857
0.759722
0.759617
0.759541
0.759493
0.759474
0.75948
0.759513
0.759569
0.759649
0.75975
0.759872
0.760014
0.760175
0.760354
0.76055
0.76076
0.760984
0.761221
0.761469
0.761727
0.761995
0.762271
0.762554
0.762844
0.76314
0.76344
0.763745
0.764052
0.764361
0.764671
0.764982
0.765292
0.765601
0.765908
0.766212
0.766513
0.76681
0.767104
0.767393
0.767678
0.767958
0.768232
0.768502
0.768766
0.769025
0.769277
0.769525
0.769765
0.769999
0.770225
0.770444
0.770656
0.770861
0.771059
0.771249
0.771433
0.771609
0.771778
0.771941
0.772097
0.772248
0.772393
0.772531
0.772664
0.772791
0.772912
0.773028
0.773138
0.773245
0.773346
0.773443
0.773535
0.773623
0.773706
0.773784
0.77386
0.773933
0.774003
0.77407
0.774136
0.774201
0.774263
0.774325
0.774386
0.774446
0.774507
0.774569
0.774634
0.7747
0.774768
0.774838
0.774912
0.774989
0.77507
0.775156
0.775246
0.775342
0.775444
0.775552
0.775667
0.77579
0.775921
0.77606
0.776209
0.776369
0.776539
0.776719
0.77691
0.777112
0.777325
0.77755
0.777788
0.778038
0.778303
0.778582
0.778874
0.779181
0.779502
0.779839
0.780193
0.780562
0.780947
0.781349
0.781766
0.7822
0.78265
0.783117
0.783601
0.784102
0.78462
0.785155
0.785706
0.786276
0.786861
0.787464
0.788084
0.78872
0.789374
0.790046
0.790734
0.791438
0.792158
0.792893
0.793645
0.794411
0.795192
0.795987
0.796797
0.797621
0.798459
0.79931
0.800174
0.801051
0.801939
0.802839
0.80375
0.804671
0.805602
0.806543
0.807493
0.80845
0.809415
0.810386
0.811363
0.812346
0.813333
0.814325
0.815321
0.816319
0.81732
0.818322
0.819324
0.820326
0.821325
0.822323
0.823318
0.824308
0.825295
0.826275
0.82725
0.828218
0.82918
0.830133
0.831076
0.832007
0.832927
0.833836
0.83473
0.83561
0.836475
0.837323
0.838154
0.838967
0.839762
0.840538
0.841294
0.842031
0.842746
0.84344
0.844112
0.844762
0.845388
0.845992
0.846573
0.847131
0.847665
0.848177
0.848664
0.849128
0.849568
0.849985
0.850379
0.850749
0.851096
0.851418
0.851717
0.851993
0.852245
0.852475
0.852683
0.852868
0.853032
0.853174
0.853294
0.853395
0.853477
0.853539
0.85358
0.853601
0.853602
0.853583
0.853544
0.853486
0.853407
0.853308
0.853188
0.85305
0.852893
0.852716
0.852518
0.852298
0.852056
0.851792
0.851505
0.851195
0.850861
0.850502
0.850119
0.84971
0.849277
0.848817
0.84833
0.847815
0.847272
0.8467
0.846099
0.845468
0.844808
0.844118
0.843399
0.84265
0.841872
0.841063
0.840225
0.839357
0.83846
0.837534
0.836581
0.835599
0.834591
0.833556
0.832496
0.831414
0.830309
0.829183
0.828037
0.826872
0.82569
0.824492
0.823279
0.822056
0.820822
0.81958
0.818332
0.817081
0.815829
0.814577
0.813328
0.812084
0.810846
0.809618
0.808401
0.807198
0.806011
0.804841
0.803693
0.802566
0.801463
0.800387
0.799338
0.798322
0.797338
0.796389
0.795476
0.794601
0.793762
0.792962
0.792202
0.791482
0.790804
0.790168
0.789576
0.789027
0.788523
0.788064
0.787651
0.787284
0.786965
0.786692
0.786466
0.786285
0.786149
0.786059
0.786012
0.78601
0.78605
0.786134
0.786262
0.786431
0.786642
0.786894
0.787187
0.787518
0.787888
0.788295
0.788737
0.789215
0.789727
0.790272
0.790849
0.791458
0.792097
0.792767
0.793466
0.794191
0.794943
0.795719
0.796518
0.797338
0.79818
0.799042
0.799922
0.800818
0.801731
0.802657
0.803596
0.804547
0.805508
0.806479
0.807458
0.808444
0.809435
0.810429
0.811426
0.812426
0.813426
0.814425
0.81542
0.816412
0.817398
0.818377
0.819348
0.820309
0.82126
0.822199
0.823125
0.824037
0.824933
0.825811
0.82667
0.82751
0.828329
0.829127
0.829903
0.830657
0.831387
0.832095
0.832778
0.833437
0.83407
0.834679
0.835262
0.83582
0.836354
0.836864
0.837349
0.83781
0.838247
0.838661
0.839051
0.839419
0.839765
0.840091
0.840396
0.840682
0.840949
0.841199
0.841431
0.841648
0.84185
0.842037
0.842211
0.842374
0.842527
0.84267
0.842805
0.842934
0.843058
0.843177
0.843293
0.843406
0.843518
0.84363
0.843742
0.843855
0.84397
0.844087
0.844207
0.844331
0.844459
0.844591
0.844727
0.84487
0.845017
0.84517
0.845328
0.845492
0.845663
0.84584
0.846022
0.846209
0.846402
0.846599
0.8468
0.847004
0.847212
0.847421
0.847633
0.847845
0.848057
0.848269
0.848479
0.848687
0.848893
0.849094
0.84929
0.84948
0.849664
0.849842
0.850011
0.850171
0.850321
0.85046
0.850587
0.8507
0.850801
0.850886
0.850955
0.851006
0.85104
0.851055
0.851049
0.851022
0.850973
0.850902
0.850806
0.850687
0.850542
0.850372
0.850175
0.849952
0.849701
0.849421
0.849112
0.848773
0.848403
0.848002
0.847571
0.847109
0.846614
0.846087
0.845527
0.844935
0.844311
0.843654
0.842964
0.842239
0.841482
0.84069
0.839866
0.83901
0.838121
0.8372
0.836245
0.835258
0.834239
0.833186
0.832101
0.830984
0.829835
0.828655
0.827445
0.826206
0.824939
0.823644
0.822324
0.820977
0.819605
0.818209
0.816789
0.815348
0.813884
0.812401
0.8109
0.809382
0.807848
0.806301
0.804741
0.803169
0.801587
0.799997
0.798403
0.796805
0.795205
0.793604
0.792005
0.790409
0.788818
0.787234
0.785661
0.784099
0.782551
0.78102
0.779509
0.778019
0.776552
0.775111
0.773696
0.772311
0.770958
0.769641
0.768361
0.767119
0.765917
0.764757
0.763642
0.762573
0.761552
0.76058
0.759659
0.758791
0.757977
0.757217
0.756514
0.755868
0.75528
0.754752
0.754284
0.753877
0.753531
0.753248
0.753026
0.752867
0.752769
0.752733
0.752759
0.752845
0.752992
0.753198
0.753463
0.753787
0.754168
0.754607
0.755101
0.75565
0.756252
0.756904
0.757606
0.758357
0.759154
0.759996
0.760881
0.761808
0.762774
0.763777
0.764817
0.765891
0.766997
0.768133
0.769298
0.770488
0.771701
0.772937
0.774191
0.775464
0.776753
0.778055
0.779368
0.780689
0.782018
0.783351
0.784687
0.786025
0.787361
0.788694
0.790023
0.791343
0.792653
0.793952
0.795237
0.796507
0.79776
0.798994
0.800207
0.801396
0.80256
0.803698
0.804807
0.805887
0.806935
0.807951
0.808933
0.809879
0.810789
0.811661
0.812493
0.813283
0.814032
0.814737
0.815398
0.816014
0.816584
0.817107
0.817582
0.818008
0.818386
0.818716
0.818997
0.819229
0.81941
0.819541
0.819624
0.819658
0.819643
0.819581
0.819469
0.819309
0.819103
0.818851
0.818553
0.818211
0.817825
0.817396
0.816924
0.816412
0.815861
0.815273
0.814648
0.81399
0.8133
0.81258
0.811831
0.811056
0.810255
0.809431
0.808585
0.807721
0.806839
0.805942
0.805032
0.804113
0.803185
0.80225
0.801312
0.800372
0.799433
0.798495
0.797562
0.796636
0.795718
0.79481
0.793913
0.793029
0.79216
0.791307
0.790471
0.789654
0.788857
0.788081
0.787326
0.786594
0.785885
0.785199
0.78454
0.783905
0.783296
0.782712
0.782152
0.781618
0.78111
0.780627
0.780169
0.779736
0.779326
0.77894
0.778576
0.778233
0.77791
0.777607
0.777322
0.777054
0.776802
0.776566
0.776345
0.776137
0.775942
0.775757
0.775581
0.775413
0.775251
0.775095
0.774943
0.774794
0.774646
0.774499
0.774351
0.7742
0.774046
0.773887
0.773723
0.773553
0.773376
0.77319
0.772994
0.772786
0.772566
0.772334
0.772088
0.771828
0.771551
0.771258
0.770949
0.770622
0.770276
0.769911
0.769525
0.76912
0.768696
0.768251
0.767783
0.767293
0.766781
0.766246
0.765688
0.765108
0.764506
0.763882
0.763235
0.762565
0.761872
0.761157
0.760421
0.759664
0.758886
0.758089
0.757271
0.756433
0.755577
0.754703
0.753811
0.752905
0.751983
0.751046
0.750096
0.749133
0.748159
0.747174
0.74618
0.74518
0.744174
0.743163
0.742149
0.741132
0.740115
0.739098
0.738085
0.737075
0.73607
0.735072
0.734082
0.733102
0.732135
0.731181
0.730243
0.729322
0.728421
0.727539
0.726678
0.725841
0.725028
0.724242
0.723484
0.722755
0.722058
0.721393
0.720761
0.720166
0.719607
0.719088
0.718609
0.718171
0.717776
0.717426
0.717122
0.716864
0.716654
0.716494
0.716383
0.716324
0.716317
0.716363
0.716464
0.71662
0.716832
0.7171
0.717425
0.717808
0.71825
0.71875
0.71931
0.719931
0.720611
0.721353
0.722156
0.72302
0.723944
0.724929
0.725974
0.727079
0.728244
0.729469
0.730753
0.732096
0.733497
0.734957
0.736474
0.738047
0.739675
0.741357
0.743092
0.74488
0.746719
0.748608
0.750545
0.752529
0.754558
0.756632
0.758748
0.760906
0.763102
0.765335
0.767603
0.769906
0.772241
0.774606
0.776999
0.779418
0.781861
0.784327
0.786814
0.78932
0.791841
0.794376
0.796923
0.79948
0.802045
0.804616
0.807191
0.809768
0.812345
0.814919
0.817488
0.82005
0.822602
0.825143
0.827672
0.830185
0.832681
0.835157
0.837613
0.840045
0.842453
0.844834
0.847189
0.849514
0.851808
0.85407
0.856296
0.858487
0.86064
0.862753
0.864823
0.86685
0.868831
0.870767
0.872657
0.874499
0.876292
0.878034
0.879724
0.881362
0.882946
0.884474
0.885946
0.887361
0.888718
0.890017
0.891257
0.89244
0.893563
0.894624
0.895625
0.896565
0.897444
0.898261
0.899016
0.899709
0.900339
0.900908
0.901414
0.901859
0.902243
0.902565
0.902827
0.903029
0.903172
0.903257
0.903284
0.903253
0.903165
0.903021
0.902822
0.902571
0.902268
0.901915
0.901512
0.90106
0.90056
0.900015
0.899425
0.898792
0.898118
0.897404
0.896652
0.895863
0.89504
0.894184
0.893297
0.89238
0.891436
0.890467
0.889474
0.888458
0.887423
0.886369
0.885299
0.884216
0.883121
0.882014
0.880899
0.879777
0.878652
0.877522
0.876391
0.87526
0.87413
0.873002
0.871879
0.870762
0.869652
0.868551
0.867458
0.866377
0.865309
0.864256
0.863217
0.862195
0.861189
0.860199
0.859227
0.858272
0.857335
0.856418
0.85552
0.854641
0.853783
0.852945
0.852127
0.851331
0.850555
0.849799
0.849062
0.848345
0.847647
0.846966
0.846303
0.845656
0.845028
0.844415
0.843819
0.843238
0.84267
0.842114
0.841571
0.841039
0.840518
0.840005
0.8395
0.839002
0.838509
0.838021
0.837538
0.837057
0.836577
0.836097
0.835617
0.835136
0.834652
0.834165
0.833673
0.833176
0.832671
0.832158
0.831636
0.831104
0.830561
0.830006
0.829438
0.828856
0.82826
0.82765
0.827025
0.826384
0.825726
0.825051
0.824358
0.823648
0.82292
0.822173
0.821409
0.820628
0.819829
0.819014
0.818181
0.817331
0.816464
0.815582
0.814685
0.813775
0.812852
0.811916
0.810969
0.810012
0.809048
0.808078
0.807103
0.806126
0.805148
0.804172
0.803198
0.802228
0.801263
0.800306
0.799359
0.798424
0.797501
0.796595
0.795706
0.794835
0.793987
0.793161
0.79236
0.791585
0.790838
0.790119
0.78943
0.788773
0.788149
0.787558
0.787002
0.786482
0.785999
0.78555
0.785138
0.784762
0.784422
0.784117
0.783846
0.783608
0.783401
0.783226
0.78308
0.782964
0.782875
0.782812
0.782772
0.782754
0.782757
0.782779
0.782818
0.782872
0.782939
0.783017
0.783103
0.783196
0.783293
0.783393
0.783494
0.783594
0.783692
0.783785
0.783873
0.783955
0.784028
0.784091
0.784144
0.784185
0.784213
0.784228
0.78423
0.784217
0.784189
0.784146
0.784086
0.784011
0.78392
0.783813
0.783692
0.783555
0.783404
0.78324
0.783062
0.782872
0.782671
0.782458
0.782235
0.782004
0.781763
0.781515
0.781261
0.781001
0.780738
0.78047
0.780201
0.779929
0.779657
0.779386
0.779116
0.778848
0.778582
0.77832
0.778062
0.77781
0.777564
0.777324
0.777093
0.77687
0.776656
0.776451
0.776256
0.776071
0.775898
0.775735
0.775583
0.775443
0.775316
0.775201
0.775099
0.775009
0.774933
0.774871
0.774822
0.774787
0.774766
0.774759
0.774766
0.774788
0.774825
0.774877
0.774945
0.775026
0.775121
0.77523
0.775353
0.775489
0.77564
0.775804
0.775984
0.776178
0.776386
0.776608
0.776842
0.77709
0.77735
0.777622
0.777908
0.778206
0.778516
0.778838
0.779172
0.779518
0.779874
0.78024
0.780615
0.780998
0.781391
0.781793
0.782202
0.782619
0.783043
0.783474
0.783913
0.784357
0.784806
0.785261
0.785721
0.786185
0.786654
0.787127
0.787603
0.788082
0.788565
0.78905
0.789538
0.790029
0.790522
0.791017
0.791513
0.79201
0.792508
0.793008
0.793508
0.794008
0.794509
0.79501
0.795512
0.796014
0.796516
0.79702
0.797524
0.798028
0.798532
0.799035
0.799537
0.800038
0.800538
0.801037
0.801535
0.802031
0.802526
0.80302
0.803511
0.804001
0.804488
0.804973
0.805456
0.805936
0.806414
0.806888
0.807359
0.807826
0.808289
0.808748
0.809203
0.809652
0.810098
0.810539
0.810976
0.811409
0.811836
0.812258
0.812676
0.813088
0.813496
0.813898
0.814295
0.814686
0.815074
0.815457
0.815836
0.816211
0.81658
0.816946
0.817308
0.817665
0.818018
0.81837
0.818719
0.819067
0.819414
0.81976
0.820104
0.820447
0.82079
0.821132
0.821474
0.821816
0.822158
0.822502
0.822848
0.823197
0.823548
0.8239
0.824254
0.824611
0.82497
0.825331
0.825695
0.826062
0.826434
0.826809
0.827188
0.827571
0.827956
0.828345
0.828738
0.829134
0.829534
0.829935
0.830339
0.830745
0.831154
0.831565
0.831977
0.832391
0.832806
0.833221
0.833636
0.834051
0.834464
0.834876
0.835284
0.835689
0.836089
0.836483
0.836872
0.837253
0.837628
0.837994
0.838351
0.838696
0.839029
0.839349
0.839653
0.839941
0.840213
0.840467
0.8407
0.840912
0.841102
0.841268
0.841409
0.841523
0.84161
0.841666
0.841692
0.841686
0.841648
0.841576
0.841468
0.841323
0.841141
0.840921
0.840662
0.840364
0.840025
0.839645
0.839223
0.838759
0.838253
0.837704
0.837111
0.836476
0.835797
0.835076
0.834313
0.833509
0.832663
0.831778
0.830852
0.829887
0.828885
0.827846
0.826772
0.825664
0.824525
0.823354
0.822154
0.820925
0.819671
0.818391
0.81709
0.815768
0.814429
0.813073
0.811705
0.810327
0.80894
0.807547
0.806148
0.804748
0.803349
0.801952
0.800561
0.799177
0.797804
0.796443
0.795097
0.793768
0.792461
0.791178
0.78992
0.788689
0.78749
0.786324
0.785194
0.784101
0.783048
0.782039
0.781076
0.780162
0.779297
0.778485
0.777728
0.777029
0.776391
0.775816
0.775304
0.774859
0.774484
0.774178
0.773945
0.773785
0.773702
0.773696
0.77377
0.773923
0.774159
0.774477
0.774879
0.775365
0.775937
0.776593
0.777335
0.778162
0.779077
0.780077
0.781163
0.782334
0.783588
0.784925
0.786344
0.787845
0.789424
0.79108
0.792811
0.794614
0.796488
0.798429
0.800437
0.802507
0.804636
0.806821
0.80906
0.811348
0.813682
0.816058
0.818473
0.820924
0.823406
0.825916
0.82845
0.831004
0.833574
0.836155
0.838744
0.841336
0.843928
0.846516
0.849094
0.85166
0.854209
0.856737
0.859241
0.861717
0.864161
0.866569
0.86894
0.871267
0.873549
0.875782
0.877962
0.880088
0.882156
0.884162
0.886105
0.887983
0.889791
0.89153
0.893195
0.894785
0.896298
0.897733
0.899088
0.900362
0.901553
0.902661
0.903683
0.904618
0.905465
0.906224
0.906895
0.907477
0.90797
0.908374
0.908688
0.908913
0.909048
0.909095
0.909055
0.908927
0.908712
0.908412
0.908028
0.90756
0.907009
0.906379
0.905669
0.904882
0.90402
0.903084
0.902077
0.901001
0.899858
0.89865
0.89738
0.89605
0.894663
0.893223
0.89173
0.890187
0.888597
0.886963
0.885288
0.883575
0.881826
0.880043
0.878231
0.876392
0.87453
0.872645
0.87074
0.86882
0.866887
0.864944
0.862991
0.861031
0.859067
0.857102
0.855136
0.853171
0.851211
0.849257
0.847312
0.845376
0.843451
0.841539
0.83964
0.837756
0.835887
0.834035
0.832201
0.830384
0.828584
0.826804
0.825042
0.823299
0.821576
0.819872
0.818186
0.81652
0.814872
0.813243
0.811631
0.810037
0.808458
0.806897
0.805351
0.803822
0.802307
0.800807
0.79932
0.797847
0.796385
0.794935
0.793496
0.792066
0.790648
0.789239
0.78784
0.78645
0.78507
0.783697
0.782334
0.780979
0.779633
0.778296
0.776969
0.775652
0.774346
0.77305
0.771767
0.770496
0.769238
0.767993
0.766765
0.765552
0.764358
0.763184
0.76203
0.760899
0.759792
0.75871
0.757654
0.756627
0.75563
0.754666
0.753736
0.752842
0.751987
0.751172
0.750401
0.749673
0.748991
0.748356
0.74777
0.747235
0.746751
0.746322
0.745947
0.745629
0.74537
0.74517
0.74503
0.744952
0.744936
0.744983
0.745095
0.745274
0.745518
0.745828
0.746203
0.746645
0.747153
0.747728
0.748369
0.749076
0.749849
0.750686
0.751589
0.752555
0.753584
0.754674
0.755824
0.757034
0.758301
0.759625
0.761005
0.762438
0.763923
0.765458
0.767041
0.768671
0.770344
0.772059
0.773813
0.775604
0.777429
0.779287
0.781173
0.783087
0.785024
0.786983
0.78896
0.790953
0.79296
0.794978
0.797003
0.799031
0.801061
0.803088
0.805111
0.807126
0.80913
0.811121
0.813095
0.81505
0.816983
0.818891
0.820772
0.822623
0.824443
0.826228
0.827976
0.829683
0.831349
0.832973
0.834551
0.836084
0.83757
0.839006
0.840392
0.841725
0.843005
0.844231
0.845402
0.84652
0.847582
0.84859
0.849543
0.850443
0.85129
0.852083
0.852825
0.853513
0.85415
0.854736
0.855273
0.855761
0.856202
0.856599
0.856952
0.857264
0.857535
0.857766
0.85796
0.858119
0.858242
0.858333
0.858393
0.858423
0.858426
0.858402
0.858355
0.858285
0.858193
0.85808
0.857947
0.857796
0.857629
0.857444
0.857244
0.857028
0.856797
0.856551
0.856291
0.856019
0.855735
0.855438
0.855128
0.854806
0.854471
0.854123
0.853762
0.853386
0.852997
0.852593
0.852174
0.851738
0.851286
0.850816
0.850328
0.849821
0.849294
0.848747
0.848179
0.84759
0.846978
0.846344
0.845686
0.845005
0.844298
0.843565
0.842807
0.842024
0.841215
0.84038
0.839519
0.838631
0.837716
0.836775
0.835806
0.834811
0.833788
0.83274
0.831665
0.830564
0.829437
0.828284
0.827108
0.825907
0.824686
0.823444
0.822182
0.820899
0.819597
0.818279
0.816943
0.815592
0.814227
0.812848
0.811457
0.810055
0.808644
0.807224
0.805797
0.804365
0.802928
0.801488
0.800047
0.798606
0.797166
0.795728
0.794292
0.79286
0.791433
0.790011
0.788596
0.78719
0.785792
0.784402
0.783022
0.781652
0.780293
0.778944
0.777607
0.776281
0.774967
0.773667
0.772381
0.77111
0.769853
0.76861
0.767381
0.766167
0.764966
0.763778
0.762604
0.761442
0.760294
0.759159
0.758036
0.756926
0.755827
0.754742
0.753669
0.752608
0.751558
0.75052
0.749493
0.748478
0.747474
0.746481
0.7455
0.744529
0.743569
0.742619
0.74168
0.740751
0.739833
0.738925
0.738027
0.73714
0.736265
0.735403
0.734553
0.733716
0.732891
0.732079
0.73128
0.730495
0.729723
0.728966
0.728225
0.7275
0.726791
0.726101
0.725429
0.724776
0.724143
0.72353
0.722938
0.72237
0.721825
0.721305
0.72081
0.720343
0.719905
0.719496
0.71912
0.718778
0.71847
0.718198
0.717963
0.717767
0.717611
0.717497
0.717424
0.717396
0.717413
0.717477
0.717591
0.717754
0.71797
0.718238
0.718561
0.71894
0.719376
0.719871
0.720426
0.721042
0.721719
0.72246
0.723264
0.724133
0.725066
0.726064
0.727127
0.728255
0.729449
0.730708
0.732032
0.73342
0.734871
0.736386
0.737963
0.739602
0.741302
0.74306
0.744877
0.746751
0.748679
0.750662
0.752696
0.754781
0.756914
0.759092
0.761313
0.763574
0.765873
0.768207
0.770575
0.772973
0.775399
0.777849
0.780321
0.782811
0.785317
0.787835
0.790364
0.792899
0.795439
0.79798
0.800518
0.803051
0.805576
0.80809
0.810591
0.813075
0.81554
0.817983
0.820402
0.822795
0.825157
0.827489
0.829786
0.832047
0.834269
0.83645
0.838587
0.84068
0.842726
0.844723
0.846668
0.84856
0.850396
0.852176
0.853898
0.85556
0.857163
0.858703
0.860181
0.861596
0.862947
0.864232
0.865452
0.866605
0.867691
0.868711
0.869662
0.870547
0.871365
0.872117
0.872804
0.873424
0.873978
0.874468
0.874893
0.875257
0.87556
0.875801
0.875983
0.876106
0.876171
0.876181
0.876138
0.876043
0.875898
0.875704
0.875465
0.875181
0.874854
0.874485
0.874078
0.873633
0.873153
0.87264
0.872094
0.87152
0.870919
0.870293
0.869645
0.868978
0.868295
0.867598
0.866887
0.866166
0.865435
0.864698
0.863956
0.863211
0.862464
0.861719
0.860976
0.860237
0.859505
0.858783
0.858071
0.857372
0.856686
0.856016
0.855363
0.854729
0.854114
0.85352
0.852949
0.8524
0.851875
0.851375
0.850901
0.850456
0.85004
0.849652
0.849294
0.848965
0.848667
0.848401
0.848168
0.847968
0.847802
0.847669
0.847569
0.847503
0.84747
0.847471
0.847506
0.847575
0.847678
0.847816
0.847987
0.848193
0.848433
0.848707
0.849014
0.849356
0.849729
0.850133
0.850568
0.851035
0.851531
0.852057
0.852611
0.853195
0.853809
0.854449
0.855116
0.85581
0.856529
0.857274
0.858043
0.858834
0.859648
0.860483
0.861339
0.862214
0.863109
0.864022
0.864953
0.865899
0.86686
0.867834
0.86882
0.869818
0.870826
0.871844
0.872869
0.873901
0.874937
0.875978
0.877021
0.878065
0.879107
0.880148
0.881184
0.882215
0.883238
0.884253
0.885258
0.886252
0.887234
0.888201
0.889152
0.890086
0.890999
0.891891
0.89276
0.893604
0.894421
0.89521
0.89597
0.896697
0.897392
0.898052
0.898676
0.899262
0.899809
0.900314
0.900776
0.901195
0.901568
0.901893
0.902169
0.902394
0.902569
0.902693
0.902763
0.902779
0.902739
0.902642
0.902488
0.902278
0.902011
0.901685
0.901301
0.900858
0.900357
0.899799
0.899183
0.89851
0.897779
0.896993
0.896151
0.895256
0.894307
0.893305
0.892252
0.891149
0.889999
0.888805
0.887567
0.886287
0.884966
0.883605
0.882207
0.880775
0.87931
0.877816
0.876296
0.874751
0.873182
0.871593
0.869985
0.868363
0.866727
0.865081
0.863428
0.861769
0.860106
0.858443
0.856782
0.855123
0.85347
0.851824
0.850188
0.848563
0.846952
0.845355
0.843774
0.84221
0.840664
0.839138
0.837632
0.836148
0.834685
0.833245
0.831826
0.83043
0.829057
0.827708
0.826382
0.825078
0.823797
0.822538
0.821301
0.820086
0.818892
0.817719
0.816566
0.815433
0.814319
0.813224
0.812147
0.811088
0.810046
0.809023
0.808018
0.80703
0.806057
0.805101
0.80416
0.803235
0.802327
0.801436
0.80056
0.7997
0.798858
0.798033
0.797225
0.796436
0.795667
0.794918
0.794189
0.793484
0.792803
0.792147
0.791519
0.790919
0.79035
0.789812
0.789308
0.788838
0.788405
0.78801
0.787654
0.787339
0.787065
0.786836
0.786651
0.786512
0.786419
0.786373
0.786374
0.786422
0.786519
0.786663
0.786854
0.787091
0.787375
0.787703
0.788076
0.788492
0.788949
0.789447
0.789983
0.790555
0.791161
0.791798
0.792463
0.793154
0.793868
0.794601
0.795351
0.796116
0.796891
0.797673
0.798458
0.799245
0.800029
0.800806
0.801575
0.802331
0.803071
0.803793
0.804494
0.80517
0.805819
0.806438
0.807027
0.807582
0.808101
0.808582
0.809023
0.809422
0.809779
0.81009
0.810356
0.810574
0.810744
0.810866
0.810937
0.810959
0.81093
0.810851
0.810722
0.810543
0.810313
0.810033
0.809703
0.809325
0.808898
0.808424
0.807904
0.807338
0.806729
0.806078
0.805385
0.804651
0.80388
0.80307
0.802224
0.801342
0.800427
0.799478
0.798499
0.79749
0.796454
0.795392
0.794305
0.793195
0.792063
0.790912
0.789742
0.788555
0.787353
0.786136
0.784909
0.783672
0.782427
0.781173
0.779913
0.778648
0.77738
0.77611
0.774839
0.773567
0.772296
0.771025
0.769757
0.768493
0.767233
0.765979
0.764732
0.763491
0.762259
0.761035
0.759821
0.758616
0.757423
0.756242
0.755074
0.753918
0.752776
0.751647
0.750533
0.749435
0.748352
0.747285
0.746234
0.7452
0.744182
0.74318
0.742195
0.741227
0.740277
0.739343
0.738428
0.737531
0.736653
0.735794
0.734955
0.734134
0.733333
0.732551
0.731789
0.731047
0.730325
0.729623
0.728943
0.728283
0.727646
0.72703
0.726437
0.725868
0.725324
0.724805
0.724312
0.723845
0.723407
0.722998
0.72262
0.722274
0.721961
0.721681
0.721436
0.721229
0.721059
0.72093
0.720842
0.720796
0.720795
0.72084
0.720932
0.721073
0.721264
0.721506
0.721802
0.722152
0.722557
0.72302
0.723542
0.724124
0.724767
0.725474
0.726244
0.727078
0.72798
0.728948
0.729982
0.731083
0.732251
0.733487
0.73479
0.73616
0.737598
0.739103
0.740674
0.74231
0.74401
0.745772
0.747596
0.749479
0.75142
0.753417
0.755468
0.757571
0.759725
0.761927
0.764173
0.766462
0.76879
0.771155
0.773553
0.775981
0.778438
0.780922
0.783427
0.78595
0.788487
0.791035
0.793589
0.796146
0.798703
0.801255
0.8038
0.806332
0.80885
0.811349
0.813828
0.816282
0.818708
0.821103
0.823462
0.825783
0.828063
0.8303
0.83249
0.834631
0.83672
0.838754
0.840733
0.842654
0.844514
0.846311
0.848044
0.849711
0.85131
0.852841
0.854303
0.855693
0.857011
0.858256
0.859426
0.860522
0.861543
0.86249
0.863362
0.864159
0.864881
0.865529
0.866104
0.866606
0.867037
0.867395
0.867682
0.8679
0.868049
0.868131
0.868148
0.868099
0.867987
0.867813
0.867579
0.867285
0.866935
0.866529
0.866072
0.865562
0.865004
0.864398
0.863748
0.863054
0.862319
0.861545
0.860734
0.859888
0.85901
0.858102
0.857167
0.856206
0.855222
0.854216
0.85319
0.852147
0.85109
0.850021
0.848941
0.84785
0.846751
0.845646
0.844537
0.843426
0.842313
0.841201
0.84009
0.838983
0.83788
0.836782
0.835692
0.834608
0.833532
0.832467
0.831412
0.830367
0.829334
0.828314
0.827306
0.82631
0.825327
0.824358
0.823403
0.82246
0.821531
0.820616
0.819714
0.818825
0.81795
0.81709
0.816244
0.815411
0.814589
0.81378
0.812981
0.812194
0.811417
0.81065
0.809893
0.809147
0.80841
0.807682
0.806964
0.806254
0.805553
0.80486
0.804174
0.803495
0.802823
0.802157
0.801497
0.800844
0.800197
0.799557
0.798923
0.798297
0.797677
0.797066
0.796462
0.795867
0.79528
0.794703
0.794136
0.79358
0.793034
0.792499
0.791977
0.791469
0.790975
0.790496
0.790033
0.789586
0.789157
0.788746
0.788354
0.787983
0.787633
0.787304
0.786999
0.786718
0.786461
0.786229
0.786024
0.785845
0.785694
0.785572
0.78548
0.785417
0.785383
0.78538
0.785408
0.785466
0.785554
0.785673
0.785822
0.786001
0.786211
0.78645
0.786718
0.787014
0.787337
0.787686
0.788062
0.788461
0.788883
0.789325
0.789787
0.790267
0.790764
0.791275
0.791798
0.792331
0.792873
0.793421
0.793973
0.794525
0.795076
0.795623
0.796164
0.796697
0.797218
0.797725
0.798216
0.798688
0.799139
0.799568
0.799972
0.800348
0.800694
0.80101
0.801293
0.801541
0.801752
0.801924
0.802057
0.802148
0.802196
0.8022
0.80216
0.802075
0.801945
0.801769
0.801547
0.80128
0.800968
0.800612
0.800212
0.799767
0.79928
0.798751
0.798181
0.797573
0.796927
0.796246
0.795531
0.794785
0.79401
0.793206
0.792378
0.791527
0.790655
0.789766
0.788862
0.787946
0.787022
0.786092
0.785158
0.784224
0.783291
0.782363
0.781443
0.780533
0.779639
0.778761
0.777904
0.777069
0.776261
0.77548
0.774729
0.77401
0.773328
0.772683
0.772078
0.771516
0.770996
0.770521
0.770092
0.769712
0.769381
0.769101
0.768873
0.768697
0.768575
0.768506
0.768491
0.768529
0.768621
0.768766
0.768966
0.769219
0.769525
0.769882
0.770289
0.770747
0.771252
0.771804
0.772402
0.773044
0.773728
0.774453
0.775218
0.776021
0.776861
0.777735
0.778641
0.779578
0.780543
0.781533
0.782548
0.783584
0.78464
0.785713
0.786802
0.787906
0.789022
0.790148
0.791283
0.792424
0.793569
0.794717
0.795866
0.797015
0.798163
0.799306
0.800445
0.801578
0.802704
0.803823
0.804934
0.806036
0.80713
0.808213
0.809285
0.810346
0.811396
0.812434
0.813462
0.814481
0.815489
0.816487
0.817474
0.818452
0.81942
0.820381
0.821335
0.822284
0.823228
0.824168
0.825104
0.826038
0.826971
0.827903
0.828836
0.82977
0.830708
0.831651
0.832599
0.833556
0.834522
0.835499
0.836487
0.837488
0.838505
0.839538
0.840589
0.84166
0.842752
0.843865
0.845002
0.846163
0.847351
0.848566
0.849809
0.851082
0.852384
0.853716
0.855078
0.856472
0.857899
0.859358
0.860849
0.862373
0.863929
0.865517
0.867135
0.868785
0.870467
0.872179
0.87392
0.875689
0.877485
0.879304
0.881147
0.883011
0.884895
0.886796
0.888712
0.890641
0.89258
0.894526
0.896478
0.898433
0.900387
0.902338
0.904283
0.906218
0.908142
0.910052
0.911945
0.913816
0.915663
0.917484
0.919274
0.921031
0.92275
0.924429
0.926065
0.927655
0.929196
0.930687
0.932124
0.933504
0.934826
0.936085
0.937279
0.938406
0.939466
0.940455
0.941373
0.942216
0.942984
0.943675
0.944289
0.944823
0.945277
0.94565
0.94594
0.946147
0.946271
0.946312
0.946269
0.946144
0.945937
0.945648
0.945278
0.944826
0.944293
0.943681
0.942991
0.942224
0.941382
0.940466
0.939479
0.938423
0.937298
0.936107
0.934852
0.933537
0.932161
0.930729
0.929244
0.927707
0.926124
0.924494
0.922821
0.921108
0.919358
0.917573
0.915757
0.913912
0.912042
0.910149
0.908237
0.906311
0.904372
0.902423
0.900465
0.898504
0.896541
0.894579
0.892619
0.890666
0.888721
0.886786
0.884864
0.882956
0.881066
0.879194
0.877343
0.875516
0.873713
0.871935
0.870184
0.868461
0.866767
0.865102
0.863466
0.861861
0.860287
0.858745
0.857233
0.855752
0.854303
0.852884
0.851496
0.850139
0.848811
0.847514
0.846246
0.845004
0.843789
0.842599
0.841432
0.84029
0.83917
0.838069
0.836988
0.835925
0.834878
0.833847
0.832829
0.831824
0.83083
0.829846
0.82887
0.827902
0.826941
0.825984
0.825032
0.824083
0.823137
0.822192
0.821248
0.820304
0.819361
0.818417
0.817473
0.816527
0.815581
0.814634
0.813685
0.812737
0.811787
0.810837
0.809888
0.808938
0.80799
0.807044
0.8061
0.80516
0.804225
0.803296
0.802375
0.801461
0.800555
0.799659
0.798774
0.797902
0.797044
0.796201
0.795374
0.794564
0.793773
0.793003
0.792254
0.791526
0.790822
0.790142
0.789487
0.788859
0.788256
0.787682
0.787136
0.786618
0.78613
0.785671
0.785242
0.784844
0.784475
0.784138
0.783831
0.783556
0.783311
0.783096
0.782911
0.782754
0.782625
0.782523
0.782447
0.782397
0.782372
0.782371
0.782392
0.782436
0.7825
0.782583
0.782686
0.782806
0.782942
0.783092
0.783256
0.783432
0.783619
0.783815
0.784019
0.784229
0.784444
0.784663
0.784885
0.785109
0.785333
0.785555
0.785775
0.78599
0.7862
0.786404
0.786601
0.786789
0.786967
0.787134
0.787289
0.787431
0.78756
0.787674
0.787772
0.787854
0.787919
0.787965
0.787992
0.788001
0.78799
0.787959
0.787908
0.787836
0.787744
0.78763
0.787495
0.787338
0.787161
0.786961
0.786741
0.786501
0.786238
0.785956
0.785652
0.785329
0.784985
0.784622
0.78424
0.783838
0.783418
0.782979
0.782521
0.782044
0.781551
0.781041
0.780515
0.779973
0.779416
0.778843
0.778257
0.777656
0.777041
0.776413
0.775774
0.775122
0.774458
0.773783
0.773098
0.772403
0.771698
0.770982
0.770259
0.769526
0.768785
0.768035
0.767278
0.766514
0.765743
0.764964
0.764178
0.763387
0.76259
0.761789
0.760982
0.760171
0.759356
0.758536
0.757714
0.75689
0.756064
0.755238
0.75441
0.753582
0.752755
0.751929
0.751105
0.750282
0.749463
0.748646
0.747833
0.747024
0.74622
0.745423
0.744631
0.743846
0.743068
0.742299
0.741537
0.740784
0.740042
0.73931
0.738588
0.737878
0.737179
0.736491
0.735816
0.735154
0.734505
0.733869
0.733245
0.732635
0.732039
0.731455
0.730884
0.730326
0.729781
0.729251
0.728734
0.72823
0.727737
0.727257
0.726788
0.72633
0.725884
0.725448
0.725023
0.724607
0.724202
0.723806
0.72342
0.723042
0.722674
0.722315
0.721965
0.721623
0.721289
0.720961
0.720642
0.72033
0.720026
0.719728
0.719438
0.719155
0.718879
0.718611
0.718352
0.718101
0.717859
0.717624
0.717399
0.717182
0.716975
0.716778
0.716593
0.716418
0.716256
0.716107
0.715971
0.715849
0.715743
0.715653
0.715579
0.715521
0.715482
0.71546
0.715458
0.715477
0.715516
0.715578
0.715662
0.715771
0.715904
0.716063
0.716248
0.716461
0.716703
0.716974
0.717275
0.717606
0.717969
0.718363
0.718792
0.719254
0.719751
0.720283
0.720853
0.721459
0.722102
0.722784
0.723504
0.724264
0.725064
0.725904
0.726784
0.727705
0.728667
0.729672
0.730718
0.731807
0.732939
0.734113
0.735331
0.736592
0.737896
0.739242
0.740631
0.742063
0.743536
0.745049
0.746602
0.748195
0.749827
0.751497
0.753205
0.754947
0.756725
0.758535
0.760379
0.762253
0.764154
0.766083
0.768036
0.770012
0.772007
0.774022
0.776053
0.778098
0.780155
0.782222
0.784296
0.786374
0.788454
0.790531
0.792605
0.794671
0.796728
0.798771
0.800799
0.802809
0.804798
0.806763
0.808701
0.81061
0.812487
0.81433
0.816135
0.8179
0.819624
0.821304
0.822937
0.82452
0.826053
0.827534
0.828961
0.830332
0.831646
0.832901
0.834095
0.835228
0.836299
0.837309
0.838255
0.839136
0.839952
0.840702
0.841386
0.842005
0.842558
0.843044
0.843465
0.843821
0.844111
0.844337
0.844499
0.844598
0.844636
0.844613
0.84453
0.84439
0.844193
0.843943
0.843639
0.843285
0.842883
0.842433
0.841938
0.8414
0.84082
0.840201
0.839545
0.838855
0.838133
0.837382
0.836603
0.835799
0.834973
0.834126
0.833261
0.832382
0.83149
0.830588
0.829677
0.828761
0.827841
0.826918
0.825996
0.825077
0.824162
0.823254
0.822354
0.821463
0.820585
0.819721
0.818871
0.818038
0.817224
0.81643
0.815656
0.814903
0.814172
0.813465
0.812782
0.812125
0.811493
0.810887
0.810308
0.809755
0.80923
