           1   0.0516484   0.0516484           0
           2   0.0455189   0.0485837  0.00306471
           3   0.0492554   0.0488076  0.00178352
           4   0.0472424   0.0484163  0.00132045
           5   0.0494543   0.0486239  0.00104367
           6   0.0475946   0.0484523 0.000869249
           7   0.0467617   0.0482108 0.000773329
           8     0.04767   0.0481432 0.000673125
           9   0.0503478   0.0483882 0.000642192
          10   0.0481535   0.0483647 0.000574873
          11   0.0492249   0.0484429  0.00052584
          12   0.0502914   0.0485969 0.000504136
          13   0.0503591   0.0487325 0.000483143
          14   0.0485169   0.0487171 0.000447568
          15   0.0498195   0.0487906 0.000423096
          16   0.0497222   0.0488488  0.00040003
          17   0.0481011   0.0488048 0.000378329
          18   0.0486262   0.0487949  0.00035683
          19   0.0484404   0.0487763 0.000338042
          20   0.0486205   0.0487685  0.00032079
          21   0.0488776   0.0487737 0.000305176
          22   0.0494221   0.0488031 0.000292463
          23   0.0503356   0.0488698 0.000287291
          24   0.0495188   0.0488968 0.000276386
          25   0.0478977   0.0488568 0.000268096
          26   0.0494806   0.0488808 0.000258693
          27   0.0485117   0.0488672 0.000249303
          28   0.0488018   0.0488648 0.000240245
          29   0.0494994   0.0488867 0.000232844
          30   0.0488805   0.0488865 0.000224948
