0.0323165           0           0
0.0969496           0           0
0.161583           0           0
0.226216           0           0
0.290849           0           0
0.355482           0           0
0.420115           0           0
0.484748           0           0
0.549381           0           0
0.614014           0           0
0.678647           0           0
0.74328           0           0
0.807913           0           0
0.872546 0.000927835 0.000385262
0.937179    0.137733  0.00651741
1.00181    0.991354   0.0173863
1.06645     1.92026   0.0274757
1.13108     2.12919   0.0278826
1.19571     1.95223    0.019646
1.26034     1.75192   0.0242784
1.32498     1.56342   0.0229651
1.38961     1.39019   0.0142428
1.45424     1.30902   0.0158747
1.51888     1.21151   0.0134025
1.58351     1.16276   0.0132193
1.64814     1.11041   0.0102528
1.71278     1.07311   0.0111915
1.77741      1.0577   0.0130879
1.84204     1.03157   0.0111221
1.90667      1.0309   0.0101227
1.97131     1.02725  0.00792887
2.03594     1.02229  0.00668118
2.10057     1.01965  0.00590792
2.16521      1.0286  0.00956518
2.22984     1.01148  0.00759986
2.29447     1.03179  0.00858119
2.35911     1.01353  0.00685711
2.42374      1.0076  0.00660963
2.48837     1.00566  0.00839385
2.55301     1.00112  0.00584237
2.61764     1.00204  0.00564171
2.68227    0.988064  0.00664994
2.7469    0.999356  0.00671692
2.81154    0.986699  0.00544696
2.87617    0.978552  0.00500007
2.9408    0.991633  0.00620599
3.00544    0.988396  0.00566748
3.07007    0.977065  0.00541195
3.1347    0.982374  0.00550482
3.19934    0.979931  0.00559498
3.26397    0.982141  0.00532737
3.3286    0.969692  0.00502365
3.39323    0.977901  0.00504541
3.45787    0.985916  0.00495652
3.5225    0.973498  0.00374503
3.58713    0.976332  0.00485308
3.65177    0.972054  0.00465114
3.7164    0.968861  0.00432916
3.78103    0.972077   0.0043812
3.84567    0.963626  0.00448838
3.9103    0.982465  0.00465892
3.97493    0.972336  0.00412046
4.03957    0.978512  0.00404109
4.1042    0.975951   0.0040727
4.16883     0.97366  0.00417213
4.23346    0.975795  0.00435782
4.2981    0.968964  0.00373354
4.36273    0.970278  0.00384177
4.42736    0.971958  0.00263797
4.492    0.970837  0.00370194
4.55663    0.968751  0.00301598
4.62126    0.977425  0.00300461
4.6859    0.971648   0.0037384
4.75053    0.974164  0.00386537
4.81516     0.97144  0.00328719
4.87979    0.969862  0.00353786
4.94443    0.974649  0.00311256
5.00906    0.976031   0.0031647
5.07369    0.972805  0.00284556
5.13833    0.970981  0.00281472
5.20296    0.974173  0.00346061
5.26759    0.973205  0.00417786
5.33223    0.979268  0.00307833
5.39686    0.967482   0.0026875
5.46149    0.972626  0.00299391
5.52612    0.978048  0.00328879
5.59076    0.974524  0.00249633
5.65539    0.969501  0.00292283
5.72002    0.975137  0.00258272
5.78466    0.976449   0.0023255
5.84929    0.969971  0.00252447
5.91392     0.98208  0.00260094
5.97856    0.974759  0.00290921
6.04319    0.978298  0.00249847
6.10782    0.975506  0.00272847
6.17246    0.973869  0.00357277
6.23709       0.977  0.00305964
6.30172    0.976235  0.00269716
6.36635    0.971945  0.00280668
6.43099     0.97508  0.00267084
