           1   -0.417628   -0.417628           0
           2   -0.444643   -0.431135   0.0135073
           3   -0.420452   -0.427574  0.00857305
           4   -0.416045   -0.424692  0.00671239
           5   -0.423182    -0.42439  0.00520816
           6   -0.432488    -0.42574  0.00446148
           7   -0.425998   -0.425776  0.00377082
           8    -0.41006   -0.423812  0.00381103
           9   -0.417035   -0.423059  0.00344434
          10   -0.412712   -0.422024  0.00324982
          11   -0.402284    -0.42023  0.00344408
          12   -0.394287   -0.418068  0.00381554
          13   -0.415001   -0.417832  0.00351771
          14   -0.407464   -0.417091  0.00333991
          15   -0.407925    -0.41648  0.00316876
          16   -0.416668   -0.416492  0.00296413
          17   -0.423211   -0.416887  0.00281223
          18   -0.405944   -0.416279   0.0027202
          19   -0.418701   -0.416407  0.00257621
          20   -0.401269    -0.41565  0.00255853
          21   -0.403535   -0.415073  0.00250109
          22   -0.418518   -0.415229  0.00238983
          23   -0.408963   -0.414957  0.00229975
          24     -0.4135   -0.414896  0.00220268
          25   -0.414262   -0.414871  0.00211289
          26   -0.429534   -0.415435  0.00210688
          27   -0.418732   -0.415557  0.00203102
          28   -0.419572     -0.4157  0.00196239
          29   -0.411657   -0.415561  0.00189864
          30   -0.398558   -0.414994  0.00191982
