           1    -5.46022    -5.46022           0
           2    -5.46166    -5.46094 0.000723745
           3    -5.47206    -5.46465  0.00373064
           4    -5.47169    -5.46641  0.00317178
           5    -5.49238     -5.4716  0.00574543
           6    -5.45021    -5.46804  0.00589254
           7    -5.48352    -5.47025  0.00544903
           8    -5.44448    -5.46703  0.00571338
           9     -5.4566    -5.46587  0.00517016
          10    -5.47449    -5.46673  0.00470398
          11    -5.50274       -5.47  0.00536854
          12    -5.47616    -5.47052  0.00492752
          13    -5.48236    -5.47143  0.00462335
          14    -5.43886     -5.4691  0.00487178
          15    -5.45899    -5.46843  0.00458521
          16    -5.44277    -5.46682  0.00457916
          17    -5.49381    -5.46841  0.00458502
          18     -5.4634    -5.46813  0.00433175
          19    -5.50051    -5.46984  0.00443754
          20    -5.47548    -5.47012  0.00421926
          21     -5.4724    -5.47023  0.00401479
          22    -5.47429    -5.47041  0.00383239
          23    -5.46906    -5.47035  0.00366245
          24    -5.46725    -5.47022  0.00350892
          25    -5.49007    -5.47102  0.00345797
          26    -5.44532    -5.47003  0.00346621
          27    -5.46764    -5.46994  0.00333653
          28    -5.46098    -5.46962  0.00323106
          29     -5.4679    -5.46956  0.00311821
          30    -5.47138    -5.46962  0.00301309
