0.0128248           0           0
0.0384745           0           0
0.0641241           0           0
0.0897737           0           0
0.115423           0           0
0.141073           0           0
0.166723           0           0
0.192372           0           0
0.218022           0           0
0.243672           0           0
0.269321           0           0
0.294971           0           0
0.32062           0           0
0.34627           0           0
0.37192           0           0
0.397569           0           0
0.423219           0           0
0.448869           0           0
0.474518           0           0
0.500168           0           0
0.525818           0           0
0.551467           0           0
0.577117           0           0
0.602767           0           0
0.628416           0           0
0.654066           0           0
0.679715           0           0
0.705365           0           0
0.731015           0           0
0.756664           0           0
0.782314           0           0
0.807964           0           0
0.833613           0           0
0.859263  7.8685e-06  5.4671e-06
0.884913  0.00124374 0.000121317
0.910562   0.0232841 0.000527869
0.936212    0.159225  0.00121832
0.961861    0.544233  0.00308576
0.987511      1.1616  0.00491467
1.01316     1.81387  0.00540439
1.03881     2.28034  0.00415713
1.06446     2.49224  0.00372697
1.09011      2.4936  0.00420361
1.11576     2.36175  0.00364497
1.14141     2.15364  0.00456375
1.16706     1.93616  0.00377039
1.19271     1.72234  0.00381768
1.21836     1.52702  0.00380332
1.24401     1.35893  0.00338786
1.26966     1.22313  0.00232537
1.29531     1.10028  0.00417712
1.32096     1.00645  0.00266375
1.34661    0.923862  0.00244666
1.37226    0.857169  0.00267121
1.39791    0.802571  0.00253467
1.42355    0.757414  0.00235886
1.4492    0.726172  0.00157766
1.47485    0.699122  0.00198749
1.5005    0.676055    0.001944
1.52615    0.666644  0.00189627
1.5518    0.659567  0.00208137
1.57745    0.659955  0.00225348
1.6031    0.662683  0.00219276
1.62875    0.673816  0.00239328
1.6544    0.688124  0.00237465
1.68005    0.709635  0.00201539
1.7057    0.734512  0.00211859
1.73135    0.766372  0.00191109
1.757    0.800903  0.00218756
1.78265    0.842682  0.00198681
1.8083    0.882651  0.00205442
1.83395    0.923431  0.00207277
1.8596    0.964341  0.00206858
1.88525       1.007  0.00225787
1.9109     1.04576  0.00227196
1.93655     1.08344  0.00193698
1.9622     1.11604  0.00195221
1.98785     1.14652  0.00212209
2.0135     1.17029  0.00170829
2.03915     1.18789  0.00235286
2.0648     1.20149  0.00200073
2.09045     1.20357  0.00171288
2.1161     1.19828  0.00184197
2.14174     1.18171  0.00161524
2.16739     1.16282  0.00181539
2.19304     1.13883  0.00204217
2.21869     1.11006  0.00186215
2.24434     1.08172  0.00202569
2.26999     1.05562  0.00189131
2.29564     1.02398  0.00203404
2.32129    0.999561  0.00176485
2.34694    0.976881  0.00182045
2.37259    0.956116  0.00140008
2.39824    0.936402  0.00173869
2.42389    0.920989  0.00132452
2.44954    0.908367   0.0014473
2.47519    0.898864  0.00115364
2.50084    0.885193  0.00131702
2.52649    0.875018  0.00144889
2.55214    0.876441  0.00167598
