           1     1.37674     1.37674           0
           2     1.40639     1.39157   0.0148213
           3     1.36107      1.3814   0.0132868
           4     1.37823     1.38061  0.00942867
           5     1.27946     1.36038   0.0215074
           6     1.45385     1.37596   0.0234752
           7     1.31485     1.36723   0.0216758
           8     1.47913     1.38122   0.0234105
           9     1.42841     1.38646   0.0213016
          10     1.36387      1.3842   0.0191862
          11     1.23014     1.37019   0.0223012
          12     1.35338     1.36879   0.0204063
          13     1.33717     1.36636    0.018928
          14     1.52538     1.37772   0.0208832
          15     1.45494     1.38287   0.0201112
          16     1.48151     1.38903   0.0197967
          17     1.22263     1.37924   0.0210147
          18     1.38122     1.37935   0.0198132
          19     1.23983     1.37201   0.0201288
          20     1.31393     1.36911   0.0193154
          21     1.35647      1.3685   0.0183824
          22     1.35843     1.36805   0.0175329
          23     1.35589     1.36752   0.0167616
          24     1.43405     1.37029   0.0162857
          25     1.29619     1.36733   0.0158994
          26      1.4747     1.37146   0.0158241
          27     1.41273     1.37298   0.0153033
          28      1.4282     1.37496   0.0148779
          29      1.3508     1.37412   0.0143798
          30     1.33634     1.37286   0.0139492
