           1    -7.57859    -7.57859           0
           2    -7.58068    -7.57963  0.00104117
           3    -7.54794    -7.56907   0.0105803
           4    -7.52373    -7.55774   0.0135818
           5    -7.55533    -7.55725   0.0105314
           6    -7.53829    -7.55409  0.00916149
           7    -7.55764     -7.5546  0.00775939
           8    -7.56777    -7.55625  0.00691867
           9    -7.53796    -7.55421  0.00643109
          10    -7.54287    -7.55308    0.005863
          11    -7.57516    -7.55509  0.00567059
          12    -7.54887    -7.55457  0.00520237
          13    -7.53635    -7.55317   0.0049864
          14     -7.5573    -7.55346  0.00462591
          15    -7.55398     -7.5535  0.00430663
          16    -7.57802    -7.55503  0.00431023
          17    -7.57311    -7.55609  0.00418617
          18    -7.55331    -7.55594  0.00394979
          19    -7.54227    -7.55522  0.00380478
          20    -7.57332    -7.55612  0.00372127
          21    -7.57317    -7.55694  0.00363149
          22    -7.53868    -7.55611  0.00356051
          23    -7.54825    -7.55576   0.0034193
          24    -7.52003    -7.55428   0.0035965
          25    -7.54044    -7.55372  0.00349374
          26    -7.54216    -7.55328  0.00338599
          27    -7.53843    -7.55273  0.00330424
          28    -7.53777    -7.55219  0.00322853
          29    -7.55465    -7.55228  0.00311636
          30    -7.54073    -7.55189  0.00303519
