           1      7.4174      7.4174           0
           2     7.40463     7.41102  0.00638518
           3     7.58745     7.46983    0.058926
           4     7.71543     7.53123   0.0742037
           5     7.55173     7.53533   0.0576239
           6     7.64342     7.55334   0.0503806
           7     7.53009     7.55002   0.0427088
           8     7.47826     7.54105    0.038059
           9     7.63873     7.55191   0.0352759
          10     7.60759     7.55747   0.0320394
          11      7.4334     7.54619   0.0310984
          12     7.58421     7.54936    0.028565
          13       7.646      7.5568   0.0273073
          14     7.54679     7.55608   0.0252918
          15      7.5448     7.55533   0.0235574
          16     7.41445     7.54652   0.0237299
          17      7.4488     7.54078   0.0230197
          18     7.56195     7.54195   0.0217351
          19     7.62041     7.54608   0.0209699
          20     7.44211     7.54088   0.0205618
          21     7.44703     7.53641   0.0200622
          22     7.63399     7.54085   0.0196361
          23     7.58749     7.54288   0.0188722
          24     7.74167     7.55116   0.0198768
          25     7.62681     7.55419   0.0193038
          26     7.61332     7.55646   0.0186854
          27     7.64507     7.55974   0.0182771
          28     7.64194     7.56268   0.0178552
          29      7.5552     7.56242   0.0172305
          30     7.62916     7.56464   0.0167942
