0.0115332           0           0
0.0345996           0           0
0.0576661           0           0
0.0807325           0           0
0.103799           0           0
0.126865           0           0
0.149932           0           0
0.172998           0           0
0.196065           0           0
0.219131           0           0
0.242198           0           0
0.265264           0           0
0.28833           0           0
0.311397           0           0
0.334463           0           0
0.35753           0           0
0.380596           0           0
0.403663           0           0
0.426729           0           0
0.449795           0           0
0.472862           0           0
0.495928           0           0
0.518995           0           0
0.542061           0           0
0.565128           0           0
0.588194           0           0
0.61126           0           0
0.634327           0           0
0.657393           0           0
0.68046           0           0
0.703526           0           0
0.726593           0           0
0.749659           0           0
0.772725           0           0
0.795792           0           0
0.818858           0           0
0.841925           0           0
0.864991           0           0
0.888058  9.5686e-05 3.46371e-05
0.911124  0.00319276 0.000222579
0.93419   0.0451163  0.00092268
0.957257    0.279829  0.00249786
0.980323    0.980276  0.00521136
1.00339     2.18726  0.00592287
1.02646     3.54104  0.00567008
1.04952       4.517  0.00544466
1.07259     4.79909  0.00853053
1.09566     4.40933  0.00908124
1.11872     3.59207  0.00594379
1.14179     2.65192  0.00415344
1.16485     1.78317   0.0038106
1.18792      1.1049   0.0033383
1.21099    0.637836   0.0026113
1.23405    0.344485  0.00280037
1.25712    0.173193  0.00181539
1.28019   0.0852556  0.00141441
1.30325   0.0462632  0.00127859
1.32632   0.0394532  0.00106344
1.34939   0.0584931  0.00116242
1.37245    0.102863   0.0014595
1.39552    0.178729   0.0016002
1.41859    0.296192    0.001658
1.44165    0.446782  0.00135287
1.46472    0.621935  0.00150193
1.48778    0.785413  0.00216756
1.51085    0.909809  0.00285811
1.53392    0.956365  0.00326267
1.55698    0.916452  0.00345014
1.58005    0.799037  0.00223212
1.60312     0.63203  0.00160077
1.62618    0.456916  0.00146164
1.64925    0.310351  0.00140083
1.67232    0.214223  0.00205927
1.69538    0.187807  0.00240018
1.71845    0.248121  0.00277004
1.74152    0.426235  0.00321374
1.76458    0.736435  0.00348018
1.78765     1.17989  0.00236794
1.81071     1.70595  0.00205391
1.83378     2.20819  0.00423957
1.85685     2.57409  0.00437876
1.87991     2.68854  0.00657705
1.90298     2.53589  0.00532722
1.92605     2.15717  0.00370606
1.94911     1.66619  0.00204035
1.97218     1.18748  0.00216019
1.99525     0.78749   0.0026836
2.01831    0.533722  0.00310483
2.04138    0.425025  0.00313487
2.06445    0.449642  0.00290917
2.08751    0.579905   0.0017663
2.11058     0.75041  0.00117675
2.13364     0.90925  0.00163693
2.15671     1.00784  0.00235795
2.17978     1.01563   0.0023349
2.20284     0.91051  0.00210128
2.22591     0.77262   0.0013822
2.24898    0.646696  0.00153125
2.27204    0.564031  0.00241411
2.29511    0.563956  0.00347839
