0 -0.0060021 0 -0.00133354 0
1 -0.0013681 0.00463399 -0.00149259 0.000159055
2 -0.00746433 0.00665748 -0.000929098 0.000570927
3 -0.00227726 0.00700477 -0.00123111 0.000504172
4 -0.000190121 0.00581345 -0.00061174 0.00073221
5 -0.00169612 0.00497984 -0.000324847 0.00066312
6 -0.00198703 0.00421878 2.81476e-05 0.000662342
7 -0.000563216 0.0039212 0.000227022 0.000607103
8 0.000528723 0.00362647 0.000388849 0.000559336
9 0.00154224 0.00339827 0.00047817 0.000508196
10 0.000112492 0.0033901 0.000455933 0.000460218
11 -0.000111645 0.00310283 0.000255901 0.00046531
12 -0.00040809 0.00286954 0.000145342 0.000442071
13 0.00182998 0.00347374 0.000131868 0.0004095
14 9.91399e-05 0.00366794 5.37456e-05 0.000389146
15 0.00014957 0.00343141 4.29844e-05 0.000364172
16 0.00123863 0.00340226 0.00013548 0.000354364
17 0.000725683 0.00324844 0.000209662 0.000342235
18 0.00153573 0.0031777 0.000106102 0.000339883
19 0.00169575 0.00301887 9.41237e-05 0.000322663
20 0.000708244 0.00303658 -3.71993e-05 0.000333829
21 0.00192219 0.00313946 -6.04285e-05 0.00031914
22 0.00138921 0.00304683 -9.70745e-05 0.000307143
23 0.00168423 0.002932 -0.000101879 0.000294106
24 0.000947039 0.00290729 -6.76128e-05 0.00028417
25 0.000452302 0.00283671 -6.97589e-05 0.000273031
26 0.000199257 0.00274133 -4.914e-05 0.000263532
27 0.00106643 0.00278031 -4.81695e-05 0.000253947
28 0.000153604 0.00283377 -4.4089e-05 0.000245068
29 -0.000117453 0.00275107 7.69588e-06 0.000242355
30 0.000414538 0.00271351 -2.2845e-05 0.000236388
31 -4.36146e-05 0.00266699 -1.99595e-05 0.0002289
32 -8.25628e-05 0.0025852 -3.28352e-05 0.000222229
33 -4.81104e-05 0.00250825 -5.83474e-05 0.000217098
34 -0.000455115 0.0024693 -0.000123421 0.000220619
35 -0.000566808 0.00240233 -0.000100723 0.000215601
36 -0.0010642 0.00238886 -0.000108781 0.000209848
37 -0.00197686 0.00249785 -8.96835e-05 0.000205142
38 -0.00172289 0.00244618 -7.53966e-05 0.000200323
39 -0.00167584 0.0023847 -8.73438e-05 0.000195616
40 -0.00192101 0.0023387 -6.92648e-05 0.00019164
41 -0.00131968 0.00236022 -3.06033e-05 0.000190975
42 -0.00114262 0.00231147 -1.18945e-05 0.000187417
43 -0.000957932 0.00226587 1.61409e-05 0.000185242
44 -0.000957525 0.00221494 -3.99567e-05 0.000189569
45 -0.000526984 0.00220863 -4.55125e-06 0.000188753
46 -0.000646268 0.00216441 1.8546e-05 0.000186132
47 -0.00078882 0.00212363 1.32143e-06 0.000183025
48 -0.00119609 0.00211934 2.83131e-05 0.000181272
49 -0.00150111 0.0020988 3.18877e-05 0.000177645
50 -0.00147569 0.0020574 5.32102e-05 0.000175428
51 -0.00116462 0.00204129 9.60889e-05 0.000177285
52 -0.000673156 0.00206183 7.71802e-05 0.000174932
53 -0.000496109 0.00203102 8.51618e-05 0.000171848
54 -0.000557253 0.00199469 8.31208e-05 0.000168707
55 -0.000534157 0.00195888 0.000113277 0.000168389
56 -0.000644059 0.00192734 0.000108124 0.000165489
57 -0.000360627 0.00191491 0.000118612 0.000162948
58 -0.000333114 0.00188238 9.24067e-05 0.000162292
59 -2.25594e-05 0.00187661 0.000101282 0.000159811
60 -0.000187714 0.00185297 7.96664e-05 0.000158649
61 -0.000248466 0.00182385 8.46675e-05 0.000156149
62 -0.000366361 0.00179853 5.68286e-05 0.000156152
63 -0.000552125 0.00177993 6.44019e-05 0.00015388
64 -0.00054842 0.00175233 7.11591e-05 0.000151644
65 -0.000733063 0.00173543 7.27164e-05 0.000149337
66 -0.000803114 0.00171077 3.14031e-05 0.000152783
67 -0.000388818 0.00173559 2.00101e-05 0.00015095
68 -0.000397695 0.00171028 4.65364e-05 0.000151093
69 -0.000503339 0.00168898 6.48979e-05 0.000150046
70 -0.000547056 0.00166559 4.09107e-05 0.00014985
71 -0.000365132 0.00165234 2.60902e-05 0.000148496
72 -0.000400572 0.00162993 2.38549e-05 0.000146465
73 -0.000694589 0.00163442 4.68748e-06 0.000145738
74 -0.000760394 0.00161382 1.6823e-05 0.000144293
75 -0.000467234 0.00161921 3.22112e-05 0.000143211
76 -0.000561236 0.0016008 2.71679e-05 0.000141428
77 -0.000533564 0.00158039 4.45133e-05 0.000140677
78 -0.000398574 0.00156608 7.24824e-05 0.000141673
79 -0.000107285 0.00157358 4.37949e-05 0.000142802
80 -0.000209306 0.00155738 4.0735e-05 0.000141061
81 -0.000243033 0.00153864 7.0736e-05 0.000142524
82 -0.000338392 0.00152297 3.24559e-05 0.000145907
83 -0.000311998 0.00150496 4.78733e-05 0.000144982
84 -0.000378245 0.00148863 3.32208e-05 0.000144013
85 -0.000360154 0.00147133 5.86771e-05 0.000144587
86 -0.000466447 0.0014582 6.16013e-05 0.000142946
87 -0.000229489 0.00146088 8.16948e-05 0.000142734
88 0.000366237 0.0015624 0.00010279 0.000142689
89 0.000241901 0.00154994 0.000101576 0.000141099
90 8.98779e-05 0.00154033 8.29205e-05 0.000140782
91 0.000232184 0.00153013 8.49826e-05 0.000139258
92 6.38181e-05 0.00152292 0.000119523 0.000142017
93 -6.46128e-05 0.0015121 0.000109174 0.000140879
94 8.30878e-05 0.00150337 8.31602e-05 0.000141795
95 -3.66278e-05 0.00149244 8.95858e-05 0.000140457
96 -3.27937e-05 0.00147697 7.25981e-05 0.000140036
97 0.000194784 0.00147943 6.16901e-05 0.000139028
98 0.000202745 0.00146444 5.2825e-05 0.000137902
99 0.000153675 0.00145055 3.87182e-05 0.000137243
