-0.0420484   -0.270637   0.306164
0.306821   0.387309   0.00295273
0.39495   -0.150258   0.446233
0.141779   0.209782   -0.0103288
0.351934   0.300304   -0.282683
0.487776   0.447168   -0.133963
-0.0610858   0.396747   0.309405
0.0885066   0.333705   0.170769
0.198511   -0.439678   -0.378666
-0.256149   -0.0787118   0.0431115
-0.155391   0.111287   0.152913
0.176677   0.337852   0.433427
-0.149407   -0.22977   -0.448514
-0.411893   0.0500899   -0.18462
-0.215112   -0.244446   -0.0226269
0.326359   0.401756   -0.414706
0.259672   0.159943   0.296858
-0.403996   0.423424   -0.183616
-0.368319   0.0578034   -0.334413
0.00436174   0.240736   0.23021
0.442936   -0.461477   -0.491101
-0.277623   0.198278   -0.170655
0.363129   -0.0700696   -0.168228
-0.0675442   0.221066   0.298767
-0.0286415   -0.056867   0.420824
0.188753   -0.122899   -0.426399
0.279327   0.172131   -0.100158
0.0672939   -0.415418   -0.303508
-0.127137   -0.0133894   -0.235843
0.471647   -0.0140011   -0.474659
-0.308389   0.122003   -0.172565
0.265365   -0.492182   0.368834
-0.119586   -0.387498   -0.438881
-0.29162   0.0536882   -0.420538
0.359706   0.255163   -0.175579
0.425802   0.0407112   0.156151
-0.274169   -0.264123   0.319499
0.157054   -0.45756   0.491971
-0.30305   -0.450925   0.311904
-0.307859   0.298819   0.424814
-0.244122   -0.349349   0.225884
-0.457391   -0.361739   -0.439994
-0.230601   -0.302167   -0.367894
-0.431287   0.358004   0.482202
-0.204121   0.27277   0.378956
0.200956   0.429853   0.0356094
0.454311   -0.22819   0.416411
0.452413   0.0751795   0.30214
-0.277727   0.378546   -0.238876
0.0415701   0.0281327   -0.298248
0.288078   0.437141   -0.281472
0.246643   0.351985   0.20797
-0.284717   0.140755   0.373149
-0.37928   -0.407797   0.490704
-0.000687609   -0.405689   0.0818269
0.311581   -0.246568   -0.482107
-0.272862   0.218534   -0.405263
-0.467836   0.0688296   0.341871
-0.273459   0.00222211   0.0170599
-0.327991   -0.287803   -0.427606
-0.391945   -0.102015   -0.255454
-0.0680736   0.361177   -0.0899376
-0.172045   -0.106706   -0.277668
-0.326339   -0.105931   -0.151532
0.0393224   -0.158394   -0.0949687
0.370906   0.440194   0.428604
0.429969   -0.061858   -0.226669
-0.385503   0.0811526   -0.499479
-0.365398   0.108912   0.418202
0.00181011   -0.217685   -0.310727
0.308519   0.269733   0.399904
-0.249229   -0.34485   0.436177
0.193884   -0.0996247   -0.312679
-0.223523   0.164254   0.104506
-0.363897   0.0257768   -0.250297
-0.424009   0.00925969   0.406594
-0.270556   -0.328452   0.0497352
-0.343775   0.370113   -0.154021
-0.211544   0.0663884   0.221104
-0.234433   -0.362871   -0.217385
0.258874   -0.326872   -0.435178
-0.0937697   -0.0985439   0.460065
0.180616   0.275844   0.221777
0.190057   0.00409515   -0.0831233
-0.127397   0.186366   0.148027
-0.0881324   0.117159   -0.352978
0.371003   -0.134764   -0.217731
-0.174713   -0.234509   0.249007
-0.199927   -0.00481328   0.30513
-0.0837121   0.273893   0.212935
0.144734   -0.408848   0.146333
-0.225752   -0.268389   0.0690908
0.265861   -0.353365   0.347554
0.21886   -0.47872   0.0811953
0.491882   -0.196122   -0.267674
0.281906   -0.470114   -0.350565
-0.171557   -0.12012   -0.487304
-0.128586   -0.269458   0.184806
-0.242286   0.268842   0.484161
-0.328283   0.390481   0.300682
-0.19275   -0.309858   -0.491742
-0.169619   0.153625   -0.17168
-0.052037   -0.411776   0.496547
0.179144   0.123237   0.254505
0.369934   0.391063   -0.265506
0.228483   0.000547859   -0.353417
0.281993   -0.47398   0.477088
-0.0322873   0.440708   0.390016
