0       7.90534
1       7.36814
2        6.5823
3       6.08644
4       5.50263
5       5.36722
6       5.10237
7        4.8236
8       4.41603
9       4.28062
10       4.28062
11       4.16151
12       3.90235
13       3.62358
14        3.5066
15       3.47689
16       3.28973
17       3.18596
18       3.10545
19        3.0336
20       2.98876
21       2.63986
22       2.63986
23        2.3212
24       2.29397
25        2.0061
26        2.0061
27       1.97498
28       1.97498
29       1.92521
30       1.92521
31       1.92034
32       1.92034
33       1.92034
34       1.71904
35       1.71904
36       1.71732
37       1.66425
38       1.62124
39       1.62124
40       1.62124
41       1.62124
42       1.62124
43       1.62124
44       1.58162
45       1.58162
46       1.55389
47       1.55389
48       1.55389
49       1.55389
50       1.55389
51       1.53523
52       1.52917
53       1.52917
54       1.52696
55       1.52696
56       1.43871
57        1.4365
58        1.4365
59        1.4365
60        1.4365
61        1.4365
62        1.4365
63        1.4365
64       1.42638
65        1.3567
66        1.3567
67        1.3567
68        1.3567
69        1.3567
70        1.3567
71        1.3567
72        1.3567
73        1.3567
74        1.3567
75        1.3567
76        1.3567
77        1.3567
78        1.2769
79        1.2769
80       1.27477
81       1.27477
82       1.27477
83       1.27477
84       1.27477
85       1.27477
86       1.27477
87       1.27477
88        1.2717
89        1.2717
90        1.2717
91        1.2717
92        1.2717
93        1.2717
94        1.2717
95        1.2717
96        1.2717
97        1.2717
98        1.2717
99        1.2717
100        1.2717
101        1.2717
102       1.25648
103        1.2534
104        1.2534
105        1.2534
106        1.2534
107        1.2534
108        1.2534
109        1.2534
110        1.2534
111       1.24196
112       1.24196
113       1.22993
114       1.22993
115       1.22993
116       1.22993
117       1.22993
118       1.22993
119       1.22993
120       1.22993
121       1.22993
122       1.22993
123       1.22993
124       1.22993
125       1.22993
126       1.22993
127       1.22993
128       1.22993
129       1.22993
130       1.22993
131       1.22993
132       1.22993
133       1.22993
134       1.22993
135       1.22993
136       1.22993
137       1.22993
138       1.22993
139       1.22993
140       1.22993
141       1.22993
142       1.22993
143       1.22993
144       1.22993
145       1.22993
146       1.22993
147       1.22993
148       1.22993
149       1.22993
150       1.22993
151       1.22993
152       1.22993
153       1.22993
154       1.22993
155       1.22993
156       1.22993
157       1.22993
158       1.22993
159       1.22993
160       1.22993
161       1.22993
162       1.22993
163       1.22993
164       1.22993
165       1.22993
166       1.21113
167       1.21113
168       1.21113
169       1.21113
170       1.21113
171       1.21113
172       1.21113
173       1.21113
174       1.21113
175       1.21113
176       1.21113
177       1.21113
178       1.21113
179       1.21113
180        1.1786
181        1.1786
182        1.1786
183        1.1786
184        1.1786
185        1.1786
186        1.1786
187        1.1786
188        1.1786
189        1.1786
190        1.1786
191        1.1786
192        1.1786
193        1.1786
194        1.1786
195       1.08937
196       1.08937
197       1.08937
198       1.06225
199       1.06225
200       1.05135
201       1.05135
202       1.05135
203       1.05135
204       1.04648
205       1.04648
206       1.04648
207       1.04648
208       1.04648
209       1.04648
210       1.04648
211       1.04648
212       1.04648
213       1.04648
214       1.04648
215       1.04648
216       1.04648
217       1.04648
218       1.04648
219       1.04648
220       1.04648
221       1.04648
222       1.04648
223       1.04648
224       1.04648
225       1.04648
226       1.04648
227       1.04648
228       1.04648
229       1.04648
230       1.04648
231       1.04648
232       1.04648
233       1.04648
234       1.04648
235       1.04648
236       1.04648
237       1.04648
238       1.04648
239       1.04648
240       1.04648
241       1.04648
242       1.04648
243       1.04648
244       1.04648
245       1.04648
246       1.04648
247       1.04648
248       1.04648
249       1.04648
250       1.04648
251       1.04648
252       1.04648
253       1.04648
254       1.04648
255       1.04648
256       1.04648
257       1.04648
258       1.04648
259       1.04648
260       1.04648
261       1.04648
262       1.04648
263       1.04648
264       1.04648
265       1.04648
266       1.04648
267       1.04648
268       1.04648
269       1.04648
270       1.04648
271       1.04648
272       1.04648
273       1.04648
274       1.04648
275       1.04648
276       1.04648
277       1.04648
278       1.04648
279       1.04648
280       1.04648
281       1.04648
282       1.04648
283       1.04648
284       1.04648
285       1.04648
286       1.04648
287       1.04648
288       1.04648
289       1.04648
290       1.04648
291       1.04648
292       1.04648
293       1.04648
294       1.04648
295       1.04648
296       1.04648
297       1.04648
298       1.04648
299       1.04648
300       1.04648
301       1.04648
302       1.04648
303       1.04648
304       1.04648
305       1.04648
306       1.04648
307       1.04648
308       1.04648
309       1.04648
310       1.04648
311       1.04648
312       1.04648
313       1.04648
314       1.04648
315       1.04648
316       1.04648
317       1.04648
318       1.04648
319       1.04648
320       1.04648
321       1.04648
322       1.04648
323       1.04648
324       1.04648
325       1.04648
326       1.04648
327       1.04648
328       1.04648
329       1.04648
330       1.04648
331       1.04648
332       1.04648
333       1.04648
334       1.04648
335       1.04648
336       1.04648
337       1.04648
338       1.04648
339       1.04648
340       1.04648
341       1.04648
342       1.04648
343       1.04648
344       1.04648
345       1.04648
346       1.04648
347       1.04648
348       1.04648
349       1.04648
350       1.04648
351       1.04648
352       1.04648
353       1.04648
354       1.04648
355       1.04648
356       1.04648
357       1.04648
358       1.04648
359       1.04648
360       1.04648
361       1.04648
362       1.04648
363       1.04648
364       1.04648
365       1.04648
366       1.04648
367       1.04648
368       1.04648
369       1.04648
370       1.04648
371       1.04648
372       1.04648
373       1.04648
374       1.04648
375       1.04648
376       1.04648
377       1.04648
378       1.04648
379       1.04648
380       1.04648
381       1.04648
382       1.04648
383       1.04648
384       1.04648
385       1.04648
386       1.04648
387       1.04648
388       1.04648
389       1.04648
390       1.04648
391       1.04648
392       1.04648
393       1.04648
394       1.04648
395       1.04648
396       1.04648
397       1.04648
398       1.04648
399       1.04648
400       1.04648
401       1.04648
402       1.04648
403       1.04648
404       1.04648
405       1.04648
406       1.04648
407       1.04648
408       1.04648
409       1.04648
410       1.04648
411       1.04648
412       1.04648
413       1.04648
414       1.04648
415       1.04648
416       1.04648
417       1.04648
418       1.04648
419       1.04648
420       1.04648
421       1.04648
422       1.04648
423       1.04648
424       1.04648
425       1.04648
426       1.04648
427       1.04648
428       1.04648
429       1.04648
430       1.04648
431       1.04648
432       1.04648
433       1.04648
434       1.04648
435       1.04648
436       1.04648
437       1.04648
438       1.04648
439       1.04648
440       1.04648
441       1.04648
442       1.04648
443       1.04648
444       1.04648
445       1.04648
446       1.04648
447       1.04648
448       1.04648
449       1.04648
450       1.04648
451       1.04648
452       1.04648
453       1.04648
454       1.04648
455       1.04648
456       1.04648
457       1.04648
458       1.04648
459       1.04648
460       1.04648
461       1.04648
462       1.04648
463       1.04648
464       1.04648
465       1.04648
466       1.04648
467       1.04648
468       1.04648
469       1.04648
470       1.04648
471       1.04648
472       1.04648
473       1.04648
474       1.04648
475       1.04648
476       1.04648
477       1.04648
478       1.04648
479       1.04648
480       1.04648
481       1.04648
482       1.04648
483       1.04648
484       1.04648
485       1.04648
486       1.04648
487       1.04648
488       1.04648
489       1.04648
490       1.04648
491       1.04648
492       1.04648
493       1.04648
494       1.04648
495       1.04648
496       1.04648
497       1.04648
498       1.04648
499       1.04648
500       1.04648
